5.071777105331420898e-01
4.998046755790710449e-01
4.962646961212158203e-01
4.960448741912841797e-01
4.941406250000000000e-01
4.967041015625000000e-01
4.961913824081420898e-01
4.960448741912841797e-01
4.943847656250000000e-01
4.957275390625000000e-01
4.944336414337158203e-01
4.940918087959289551e-01
4.984130859375000000e-01
5.002930164337158203e-01
5.066406726837158203e-01
5.081787109375000000e-01
5.119140148162841797e-01
5.088135004043579102e-01
5.088622570037841797e-01
5.085937976837158203e-01
5.078369379043579102e-01
5.103271007537841797e-01
5.108153820037841797e-01
5.102050304412841797e-01
5.057861804962158203e-01
5.035644769668579102e-01
5.028808116912841797e-01
5.072510242462158203e-01
5.080566406250000000e-01
5.125976800918579102e-01
5.126464366912841797e-01
5.125489234924316406e-01
5.131347179412841797e-01
5.133545398712158203e-01
5.129883289337158203e-01
5.136963129043579102e-01
5.159667730331420898e-01
5.202147960662841797e-01
5.218017101287841797e-01
5.237059593200683594e-01
5.251953601837158203e-01
5.246093273162841797e-01
5.275878906250000000e-01
5.255858898162841797e-01
5.253661870956420898e-01
5.236816406250000000e-01
5.273437500000000000e-01
5.237060785293579102e-01
5.279052257537841797e-01
5.231201648712158203e-01
5.229003429412841797e-01
5.207030773162841797e-01
5.203368663787841797e-01
5.213867425918579102e-01
5.228515863418579102e-01
5.207519531250000000e-01
5.215088129043579102e-01
5.195068120956420898e-01
5.204589366912841797e-01
5.221190452575683594e-01
5.243651866912841797e-01
5.230468511581420898e-01
5.229003429412841797e-01
5.243651866912841797e-01
5.229003429412841797e-01
5.271972417831420898e-01
5.253417491912841797e-01
5.302491188049316406e-01
5.279296636581420898e-01
5.268797874450683594e-01
5.257811546325683594e-01
5.281493663787841797e-01
5.309326648712158203e-01
5.297362804412841797e-01
5.283691883087158203e-01
5.291016101837158203e-01
5.269043445587158203e-01
5.291503667831420898e-01
5.255615711212158203e-01
5.271728038787841797e-01
5.276610851287841797e-01
5.242919921875000000e-01
5.204101800918579102e-01
5.201171636581420898e-01
5.181640386581420898e-01
5.201416015625000000e-01
5.204833745956420898e-01
5.182616710662841797e-01
5.180175304412841797e-01
5.182373523712158203e-01
5.175292491912841797e-01
5.160644054412841797e-01
5.124022960662841797e-01
5.116455554962158203e-01
5.119140148162841797e-01
5.144286155700683594e-01
5.141601562500000000e-01
5.151610374450683594e-01
5.175292491912841797e-01
5.162353515625000000e-01
5.150878429412841797e-01
5.149414539337158203e-01
5.137450695037841797e-01
5.130126476287841797e-01
5.152831077575683594e-01
5.059325695037841797e-01
4.721679687500000000e-01
4.202148318290710449e-01
3.745605349540710449e-01
3.406006097793579102e-01
3.118896484375000000e-01
3.043212890625000000e-01
3.072509765625000000e-01
3.104492425918579102e-01
3.067871332168579102e-01
3.089843988418579102e-01
3.001464605331420898e-01
3.039795160293579102e-01
3.017333745956420898e-01
3.076171875000000000e-01
3.091552853584289551e-01
3.079345822334289551e-01
3.100097775459289551e-01
3.125732541084289551e-01
3.090575933456420898e-01
3.123534917831420898e-01
3.140380978584289551e-01
3.146728277206420898e-01
3.122314214706420898e-01
3.126708865165710449e-01
3.073486089706420898e-01
3.056152462959289551e-01
3.088134527206420898e-01
3.078368902206420898e-01
3.088623285293579102e-01
3.147461414337158203e-01
3.457520008087158203e-01
4.023925662040710449e-01
4.628661870956420898e-01
5.301513671875000000e-01
5.888183116912841797e-01
6.401611566543579102e-01
6.842284202575683594e-01
7.134032249450683594e-01
7.227051258087158203e-01
7.307373285293579102e-01
7.401367425918579102e-01
7.500000000000000000e-01
7.576415538787841797e-01
7.609131336212158203e-01
7.654297351837158203e-01
7.664062976837158203e-01
7.618896961212158203e-01
7.344726324081420898e-01
7.002441883087158203e-01
6.809326410293579102e-01
6.684570312500000000e-01
6.589844226837158203e-01
6.545898914337158203e-01
6.486084461212158203e-01
6.405761241912841797e-01
6.363525390625000000e-01
6.189696788787841797e-01
6.047852039337158203e-01
5.954345464706420898e-01
5.872070789337158203e-01
5.817871093750000000e-01
5.778076648712158203e-01
5.796630382537841797e-01
5.766112804412841797e-01
