1.695556640625000000e-01
1.752441525459289551e-01
1.742187738418579102e-01
1.695556640625000000e-01
1.623535156250000000e-01
1.658935546875000000e-01
1.680908203125000000e-01
1.757324337959289551e-01
1.810302734375000000e-01
1.832275390625000000e-01
1.878662109375000000e-01
1.887207031250000000e-01
1.914306879043579102e-01
1.909667849540710449e-01
1.902588009834289551e-01
1.939941644668579102e-01
1.960449218750000000e-01
1.944335699081420898e-01
1.936767697334289551e-01
1.926269531250000000e-01
1.917480230331420898e-01
1.908203363418579102e-01
1.922119259834289551e-01
1.850830316543579102e-01
1.858154535293579102e-01
1.865966916084289551e-01
1.850830316543579102e-01
1.875000000000000000e-01
1.849120855331420898e-01
1.897948980331420898e-01
1.903320550918579102e-01
1.914794445037841797e-01
1.970214843750000000e-01
1.997558474540710449e-01
1.966063976287841797e-01
1.980224847793579102e-01
1.948486566543579102e-01
1.964843869209289551e-01
1.979980468750000000e-01
1.985107660293579102e-01
1.974609494209289551e-01
1.948486566543579102e-01
1.927245855331420898e-01
1.925781369209289551e-01
1.938720941543579102e-01
1.944335699081420898e-01
1.935303211212158203e-01
1.935546994209289551e-01
1.927002072334289551e-01
1.922119259834289551e-01
1.929931640625000000e-01
1.972900629043579102e-01
1.959961056709289551e-01
1.982177495956420898e-01
1.961425542831420898e-01
1.953369379043579102e-01
1.942627429962158203e-01
1.941650509834289551e-01
1.927002072334289551e-01
1.924072504043579102e-01
1.891113519668579102e-01
1.864258050918579102e-01
2.037353515625000000e-01
2.016113400459289551e-01
1.988525390625000000e-01
2.006835937500000000e-01
1.988037228584289551e-01
1.997070312500000000e-01
2.027099728584289551e-01
2.015625238418579102e-01
1.957519650459289551e-01
1.936767101287841797e-01
1.884765625000000000e-01
1.888427734375000000e-01
1.848877072334289551e-01
1.846923828125000000e-01
1.850585937500000000e-01
1.853027343750000000e-01
1.822021603584289551e-01
1.798095703125000000e-01
1.740478277206420898e-01
1.715332269668579102e-01
1.723144650459289551e-01
1.724364757537841797e-01
1.721435785293579102e-01
1.736572384834289551e-01
1.777588129043579102e-01
1.792236566543579102e-01
1.813476681709289551e-01
1.749023199081420898e-01
1.781738400459289551e-01
1.820800304412841797e-01
1.815185546875000000e-01
1.806885004043579102e-01
1.816650629043579102e-01
1.803711056709289551e-01
1.787353754043579102e-01
1.826904416084289551e-01
1.808350086212158203e-01
1.816650629043579102e-01
1.828368902206420898e-01
1.816161870956420898e-01
1.816650629043579102e-01
1.809326410293579102e-01
1.821533441543579102e-01
1.846435666084289551e-01
1.870849728584289551e-01
1.813720464706420898e-01
1.882324218750000000e-01
1.843261718750000000e-01
1.741211414337158203e-01
1.706542968750000000e-01
1.704101562500000000e-01
1.653076410293579102e-01
1.685546636581420898e-01
1.684570312500000000e-01
1.724364757537841797e-01
1.706054806709289551e-01
1.712402105331420898e-01
1.794189214706420898e-01
1.861816644668579102e-01
1.872558593750000000e-01
1.883300542831420898e-01
1.873779296875000000e-01
1.891845464706420898e-01
1.890869140625000000e-01
1.895996332168579102e-01
1.909424066543579102e-01
1.927002072334289551e-01
1.927245855331420898e-01
1.908203363418579102e-01
1.871582269668579102e-01
1.859862804412841797e-01
1.867187619209289551e-01
1.867675781250000000e-01
1.812499761581420898e-01
1.993652582168579102e-01
2.021484375000000000e-01
2.048339843750000000e-01
2.032470703125000000e-01
2.072753906250000000e-01
2.049072384834289551e-01
2.028564214706420898e-01
2.052490711212158203e-01
2.024902105331420898e-01
2.037597894668579102e-01
2.098877429962158203e-01
2.093505859375000000e-01
2.110106945037841797e-01
2.131835818290710449e-01
2.068115472793579102e-01
2.017090320587158203e-01
2.120116949081420898e-01
2.094482183456420898e-01
2.025635242462158203e-01
2.040527462959289551e-01
1.999267339706420898e-01
1.991699337959289551e-01
1.920166015625000000e-01
1.853516101837158203e-01
1.776854991912841797e-01
1.735839843750000000e-01
1.754150390625000000e-01
1.806885004043579102e-01
1.825195550918579102e-01
1.841064691543579102e-01
1.885498166084289551e-01
1.916992664337158203e-01
1.968505382537841797e-01
1.957031488418579102e-01
