5.071777105331420898e-01 1.695556640625000000e-01
5.066406726837158203e-01 1.902588009834289551e-01
5.125976800918579102e-01 1.897948980331420898e-01
5.253661870956420898e-01 1.938720941543579102e-01
5.221190452575683594e-01 1.924072504043579102e-01
5.283691883087158203e-01 1.848877072334289551e-01
5.182373523712158203e-01 1.749023199081420898e-01
5.152831077575683594e-01 1.821533441543579102e-01
3.076171875000000000e-01 1.794189214706420898e-01
3.088623285293579102e-01 1.867675781250000000e-01
7.609131336212158203e-01 2.131835818290710449e-01
5.954345464706420898e-01 1.825195550918579102e-01
