-1.201763778504585467e+01 -7.150312868923449638e-01 1.799663820798731706e+02
-1.430533830450316124e+01 -1.725900948909266219e+01 -1.783397422423734326e+02
-2.174381109671047341e+01 -1.999286022691802778e+00 -1.784708507275104239e+02
-1.537769825053867478e+01 3.046921413522082744e+01 -1.786619445000284543e+02
-1.841666544516387560e+01 -2.804653665246684024e+00 -1.782981301992058718e+02
-2.181268496556549863e+01 8.204367355328685107e+00 -1.782568019948317328e+02
-1.062311700905815925e+01 9.537807695161111265e-01 1.799791819331636020e+02
-2.221290571739800868e+01 4.014227510961151069e+01 -1.764929489510462020e+02
-2.346756481879240042e+01 -6.780493099557974856e-01 -1.791914802221564003e+02
-1.275987483280697354e+01 3.023065344005204480e+01 -1.762321340973091424e+02
-2.766076462253657908e+01 -1.437085086414966462e+00 -1.787593716858052346e+02
-1.938295898579265497e+01 3.558180777461909527e-01 -1.795055760640594826e+02
-2.353807912038475436e+01 4.827283581546660401e-02 -1.789330959697812489e+02
-2.733673326845001839e+01 3.596239702126692350e+01 -1.763139829243821453e+02
-1.575434192831379399e+01 -2.327375142855108436e-01 -1.794286182950846751e+02
-1.032489622709982413e+01 -1.648019212195501959e+00 -1.793514426011850844e+02
-2.315742611627970504e+01 6.520231173621439114e-01 -1.797188204303465113e+02
-1.696316077777516540e+01 4.814879925993612031e-01 -1.788125625187948344e+02
-3.130606108274273680e+01 3.530295553510067208e+01 1.789621118492335370e+02
-1.492076253355141446e+01 1.521483163844917219e-01 -1.786007850097903145e+02
-1.278907536570851633e+01 3.000361705871899076e+01 -1.762703817704827713e+02
-2.195385938725429398e+01 3.810687042170786754e+01 -1.743142362232951257e+02
-1.367137205708241687e+01 -2.162675002729455542e+01 -1.784087212461468823e+02
-1.949487567269685684e+01 3.496974116055913129e+01 1.791962077196706105e+02
-2.397642311142606530e+01 -3.212947001308897876e-01 1.799369248874000107e+02
-2.725478847345615563e+01 3.452250827123953059e+01 -1.760653084846064758e+02
-1.969230419766406825e+01 -8.363412246179203757e-01 -1.786109813275737110e+02
-1.664101837552923513e+01 -6.169420406853270755e+00 -1.785348903627057950e+02
-2.121069269596026530e+01 1.990005866519508060e-01 1.798015245314333299e+02
-8.478345319171827654e+00 3.179419538765552306e-02 1.787551285482141452e+02
-1.016928920019915417e+01 -1.631367902797070224e+00 -1.784842789260125642e+02
-1.997678932963072285e+01 -8.531556266184811207e-03 -1.795376183343387027e+02
-2.721541183301128797e+01 -3.742927334058067856e+01 -1.785717460029447068e+02
-7.447689367464304766e+00 -9.473489471273207618e-01 -1.796526897308294224e+02
-8.609874253808229128e+00 -1.050617950400157374e+00 -1.793893256462571628e+02
-1.757416624402538829e+01 4.776755055029977687e-02 -1.789373555162425475e+02
-2.013160825964238043e+01 -1.302491677552566618e-01 -1.798829254594710676e+02
-1.493621242324577381e+01 -8.624776667611092407e+00 -1.780308528347644597e+02
-1.790893875060024598e+01 2.672524436374126844e-01 1.797999084136462216e+02
-1.621588902253103726e+01 -2.467768454088662133e-01 -1.795520206097007190e+02
-9.257026653562645535e+00 -3.064087625328328901e-01 -1.787388851313560565e+02
-2.275325335783763236e+01 3.820136948580997682e+01 -1.751639164219396605e+02
-1.167862075608318762e+01 -1.587171828059230627e-01 -1.788212933212812743e+02
-2.550760270539586472e+01 5.477522405853463283e-01 -1.796931671182613570e+02
-2.587324285984530547e+01 3.309788871601178784e+01 -1.793468644603071027e+02
-1.931536152876394041e+01 -1.031652757221925176e+00 -1.793780385301991203e+02
-1.724176965611605539e+01 -1.271298455787549520e+00 -1.796292974345137452e+02
-2.674518272387257412e+01 -3.554816831789368026e-01 1.799272420537992048e+02
-2.221298908875830236e+01 -1.329150124374336883e+00 -1.792403749804608708e+02
-1.959413345325353006e+01 3.456118868274732137e+01 -1.782150334419660282e+02
-1.211456091159800863e+01 -7.287394492278082003e-02 -1.795678500480350124e+02
-1.451725934985749333e+01 5.381051099693807682e-01 -1.787822201544785798e+02
-1.312051770277452079e+01 -4.305833382932863218e-01 -1.785284900015919334e+02
-1.665080581509511859e+01 -1.068474804195735511e-01 -1.786559158538793781e+02
-1.046387945870423408e+01 2.171538902363287227e-01 1.794482449933967700e+02
-2.011597089838065955e+01 7.182729083895006417e-01 -1.790671362658118539e+02
-1.095067923380186237e+01 -5.784403779497203635e-01 -1.785784346284140156e+02
-2.335502670785982815e+01 3.729748402466031365e+01 -1.745725513126931787e+02
-1.295217416317816017e+01 9.098577082178008757e-01 -1.790356494016846227e+02
-1.293875331865148937e+01 -1.102041842049025178e+01 -1.789602091250179114e+02
-1.584215343904177509e+01 9.758679299382029548e-02 -1.793179448581987288e+02
-2.927761410596628977e+01 3.629460279652636956e+01 -1.768447909602766970e+02
-3.084411310490370894e+01 -1.969013662093466177e+00 -1.789615975852491374e+02
-1.645399138391803362e+01 4.959926562288460850e-01 -1.792081606835220668e+02
-1.447634439952233620e+01 6.541547633655281357e-01 -1.794358722928026566e+02
-2.541912488074869003e+01 -3.662025632584727219e+01 -1.774763474666642651e+02
-2.057789537764410071e+01 -3.576771125942645568e+01 -1.793171874234574830e+02
-1.240203190973361025e+01 7.133092621634953279e-01 1.797892119915609896e+02
-2.056043578169816044e+01 2.953629256440503184e-02 -1.796498718123814626e+02
-1.754820159960898351e+01 -6.055174062670355406e-01 -1.786090730927312222e+02
-2.578747672208060848e+01 -1.208857722215061381e+00 -1.791199825209089056e+02
-2.207552561731474228e+01 4.020066850106461231e+01 -1.763864076948785566e+02
-1.081290283667121344e+01 -5.362797879354976871e-01 -1.783692375313084995e+02
-1.921630594345515064e+01 1.735027876170142092e-01 -1.781800377406206053e+02
-1.576766044933153843e+01 9.226711340827600250e-01 -1.786878436637213099e+02
-1.163957381493113274e+01 -1.394044130329425357e+01 1.796830932248090278e+02
-1.153817642878361838e+01 1.364638364544881632e+00 -1.794974019706953356e+02
-2.007303957411501827e+01 -2.951487249102093813e+01 -1.769060926092376747e+02
-1.359336430499172366e+01 8.345328255361518510e-02 -1.798395688289956240e+02
-1.514038358172035359e+01 3.941872524086583951e+00 -1.792885523560467504e+02
-1.152082159180657328e+01 3.893995402021533714e+00 -1.792773312059860018e+02
-2.792436861842252682e+01 -1.063721168550488816e+00 -1.794106058003682449e+02
-1.400139001057064370e+01 6.806765595717134687e-01 -1.793613185721703758e+02
-1.820067729718997285e+01 -1.777529521032529303e+01 -1.781888805509581459e+02
-2.723009221155477988e+01 3.298821047778778848e+01 -1.796068284365400700e+02
-1.869739034592755900e+01 -7.692116639645860676e-01 -1.795498710405622091e+02
-1.087125355626474565e+01 2.786971147112336311e+01 -1.765643882441087840e+02
-1.251874932616789948e+01 -7.920735320113149180e-01 -1.789135815543226329e+02
-1.370966822479615210e+01 5.635151261667086242e-01 -1.797403829247120939e+02
-1.993546084881680258e+01 2.406137722161523484e+01 -1.775941872139874818e+02
-1.270060542251437496e+01 -9.492561264474699834e-02 -1.794086659642595691e+02
-2.027634865441099521e+01 -3.368329694281077735e+01 1.797576805284131467e+02
-2.147961924828381086e+01 3.815125672804488488e+01 -1.761167886867674497e+02
-1.711070782223013964e+01 2.182743334206456165e-01 -1.789833549715654328e+02
-1.609863668151696103e+01 -9.722514174593783753e-01 -1.792050035389798381e+02
-8.595735659809546902e+00 1.842996496294114195e+01 -1.785603826090846837e+02
-2.184749511941427969e+01 3.176583647211844763e+01 -1.797074308521814316e+02
-1.361122216412426411e+01 5.257409091333958839e-01 1.798057730977025415e+02
-1.529051260289187475e+01 7.215227624741099577e-01 -1.783307263609812026e+02
-2.294597463322454445e+01 3.569431303681258782e+01 -1.755707992930771013e+02
-1.997765353983787406e+01 3.412699921744687259e+01 -1.789800077068807127e+02
-8.327695921399643098e+00 3.715043397873304176e+00 -1.791005422328888983e+02
-2.314646804756743137e+01 1.911930018043610513e-01 1.798770264986927714e+02
-1.932222219051786993e+01 4.593307552005503336e-01 -1.798312451220722039e+02
-9.906078645003441707e+00 -5.899505697024812756e-01 -1.791043905089123598e+02
-2.773248594757859209e+01 -1.531314214018236086e+00 -1.791233252306998338e+02
-1.429709386304194219e+01 2.112027791871295079e+00 -1.786080503769350969e+02
-2.071051788339189770e+01 4.306293189502167773e-01 -1.778606904978194621e+02
-1.153406022474974080e+01 5.321142605281326682e-02 1.794188932139738029e+02
-2.315171860083644262e+01 7.416511765935203115e-01 -1.792015230766935758e+02
-2.710087933009091188e+01 -3.766396420850772842e+01 -1.783600236042213396e+02
-1.904416033173430378e+01 -5.983288381596416627e-01 -1.798395989717355974e+02
-2.743245377086856607e+01 3.380861607982642170e+01 -1.759709751335093415e+02
-3.472132836090306096e+00 4.558643077903115959e+00 -1.790508110249163849e+02
-1.152258791539289540e+01 -6.000114832348052429e-01 -1.798854843356015465e+02
-3.632934675434688288e+00 4.111164492269319126e+00 -1.790596154481921758e+02
-2.359496076139928178e+01 1.261210232779925500e+00 -1.785618101339818224e+02
-1.039517859263762567e+01 3.145554378698671161e-01 -1.786766892804016038e+02
-1.593592616612035329e+01 -4.390966726809501175e+00 -1.786500164552207366e+02
-2.022899532356522911e+01 -3.284155863866286751e+01 -1.784681275280719603e+02
-1.758966261019254063e+01 2.807187173847227601e-01 -1.791269986409915873e+02
-2.231754548255023352e+01 -1.408110398001481967e+00 -1.787482151312670737e+02
-1.229783462844988584e+01 -1.221789629122562060e+00 -1.782037576134642336e+02
-1.263794942721838233e+01 1.919974464094251321e+00 -1.789004556949419111e+02
-1.353739386697124303e+01 -4.426571998160382278e-03 -1.787351330369153288e+02
-2.322412277290060345e+01 4.215636155566457322e-01 -1.796739595700009602e+02
-2.241036345187256273e+01 -2.825048153918054794e+01 -1.770334064849895981e+02
-1.916264119963330259e+01 1.374467310829463329e-01 -1.798091057604603407e+02
-3.205454882050230481e+01 -1.213623293850328855e+00 1.797722771877676564e+02
-1.622904513016946737e+01 3.899342474102608236e+01 -1.775457182669498195e+02
-2.331440265459643157e+01 3.036151607376677219e+01 -1.798679167637271803e+02
-1.426985563171327165e+01 -8.822557474177386894e+00 -1.787993968427651055e+02
-2.426533372050877091e+01 -9.728009124965089072e-01 1.797949470507362548e+02
-9.887275828197898520e+00 -7.389191187551542583e+00 -1.785295794529679370e+02
-3.405825519258878664e+00 9.677178226465283473e+00 -1.760325346398102511e+02
-2.576357633104828437e+01 2.048238306590344573e-02 -1.799011146046543672e+02
-2.338371709918882857e+01 -1.849794093666279782e+00 -1.797481119363456230e+02
-2.479326253084920140e+01 3.692675748682087145e-01 1.797441955320834666e+02
-1.550814948765645873e+01 -2.973930893780161178e-01 -1.794237091441030714e+02
-1.645616417716323809e+01 -7.420191307974320916e-01 -1.798880916517454978e+02
-1.440477144739944038e+01 4.536497845568789322e-01 -1.793232124688123577e+02
-1.787335013562637442e+01 -3.798972692373533411e-01 -1.785344351455611047e+02
-2.069803968861893395e+01 -3.142701646219951073e+01 -1.774876098348827043e+02
-5.250651705420615656e+00 -9.201388265233221286e-01 -1.789684822729570328e+02
-2.145279801533421349e+01 -1.030208388538470521e+00 1.796380197373493388e+02
-2.569144172227970557e+01 -1.120578091284472722e+00 -1.788604576036124740e+02
-2.371091366425700286e+01 -3.785617993806056347e+01 -1.780436386887058688e+02
-1.357414378924847931e+01 2.862547136479837206e+01 1.793834305411653531e+02
-2.238852571889232479e+01 -9.210464017214520238e-01 -1.795377229379387245e+02
-1.171219753156387533e+01 -1.033093511684315180e+00 -1.790890398434376891e+02
-1.837000315066078215e+01 1.544931229024871511e-01 -1.787400995527270311e+02
-2.033460913712216467e+01 -2.116071310634506375e-01 -1.793842879004204462e+02
-2.480365125318927255e+01 3.520525537416482109e+01 -1.738220339099985381e+02
-2.497590142431890570e+01 -1.104928252053072102e+00 -1.796347734562524465e+02
-2.432504590913756815e+01 -7.252534703630837409e-01 -1.783609042295514087e+02
-1.308468792355590615e+01 -8.750731732461358714e-02 -1.791665358097184821e+02
-1.872438386593528392e+01 -2.246061428712481600e+01 -1.786184842383372029e+02
-3.061781717006219239e+01 -1.626744021412713570e+00 1.798392170734638853e+02
-2.838085903320387970e+01 -1.499157960249066337e-03 -1.787110251736115174e+02
-2.096643155127415881e+01 2.313971498818866157e-01 -1.795455816334449253e+02
-1.787233312752929848e+01 5.005497255051950534e-01 1.796614574782566933e+02
-1.960883823779737156e+01 5.681115022972310635e-01 -1.795312183359293101e+02
-1.243519313476544141e+01 -1.181430673294777023e+00 -1.789073754412493145e+02
-1.374358437970384550e+01 1.727432269335492876e+01 -1.789615585626463883e+02
-2.350521852832315872e+01 3.953767293687361928e+01 -1.749455475535626192e+02
-2.381507579600722835e+01 -6.439728012213458141e-01 1.799270310918631992e+02
-1.210506563862196927e+01 4.225958087792709983e-01 -1.789185855540640091e+02
-2.763181791027784939e+01 -1.467004002764993986e+00 -1.799788296736141717e+02
-1.408442616334510156e+01 -1.281952180141987974e+00 -1.796768847596414673e+02
-1.746035147331845749e+01 3.140786002388785292e+01 -1.771041438036559725e+02
