9.696822962723672390e-04
9.944714307785034180e-01
6.228389143943786621e-01
9.948629736900329590e-01
2.332533709704875946e-02
5.124921798706054688e-01
4.434181319084018469e-04
6.071775555610656738e-01
6.660401821136474609e-01
9.939265847206115723e-01
5.724302493035793304e-03
4.606120637618005276e-05
1.440889388322830200e-02
3.490558862686157227e-01
5.052248239517211914e-01
7.991282269358634949e-03
1.407909556291997433e-03
2.275906652212142944e-01
7.028551101684570312e-01
1.826418191194534302e-02
9.989631175994873047e-01
3.702918766066431999e-03
9.611792862415313721e-02
9.955739974975585938e-01
5.873332619667053223e-01
1.302158646285533905e-02
2.417677268385887146e-02
8.912849426269531250e-01
4.395902506075799465e-04
1.993662008317187428e-04
5.245818495750427246e-01
1.949014840647578239e-03
8.511350154876708984e-01
5.756574100814759731e-04
4.720102995634078979e-03
2.272482495754957199e-03
6.136828660964965820e-01
8.590428233146667480e-01
2.598503837361931801e-03
2.014938443899154663e-01
6.148676201701164246e-02
1.282942891120910645e-01
1.295812078751623631e-03
1.218625996261835098e-02
3.794125840067863464e-02
5.413668230175971985e-03
3.626323863863945007e-02
6.513243075460195541e-03
9.695943444967269897e-02
5.223501473665237427e-02
7.514845132827758789e-01
6.028435751795768738e-02
5.873054033145308495e-05
3.449073992669582367e-04
2.960179990623146296e-04
1.276356342714279890e-04
1.442846376448869705e-02
2.140841633081436157e-02
3.138463571667671204e-02
4.802563693374395370e-03
2.344371750950813293e-03
3.474258631467819214e-02
6.703526247292757034e-03
1.352989202132448554e-04
4.196542315185070038e-03
9.872273206710815430e-01
9.108349680900573730e-01
1.211843686178326607e-03
1.197542806039564312e-04
1.958581618964672089e-02
1.423528194427490234e-01
2.422645539045333862e-01
4.837763495743274689e-03
1.039359532296657562e-02
3.274314512964338064e-04
1.970672011375427246e-01
4.451066488400101662e-04
5.779548883438110352e-01
1.020388590404763818e-04
2.241652226075530052e-03
4.058014452457427979e-01
1.306760963052511215e-02
4.783573967870324850e-04
1.252681612968444824e-01
5.437720939517021179e-02
5.981879774481058121e-03
9.981954693794250488e-01
3.671953827142715454e-02
1.063752424670383334e-04
8.454708456993103027e-01
1.603779091965407133e-04
9.657739400863647461e-01
3.086756169795989990e-01
1.597044902155175805e-04
1.239190623164176941e-01
9.959961175918579102e-01
9.982837438583374023e-01
3.730316529981791973e-05
3.370048361830413342e-04
1.246073767542839050e-01
3.222152888774871826e-01
6.131153088063001633e-03
2.748534083366394043e-03
6.222348310984671116e-04
3.687105700373649597e-02
1.549366046674549580e-03
9.780138731002807617e-03
6.111407128628343344e-05
9.527674410492181778e-05
5.481016822159290314e-03
8.762410879135131836e-01
1.178305149078369141e-01
2.858822466805577278e-03
2.195731997489929199e-01
1.672297134064137936e-03
1.510341768153011799e-03
3.251167072448879480e-05
2.472385065630078316e-03
1.078464239835739136e-01
5.682691335678100586e-01
3.004807280376553535e-03
4.202989395707845688e-03
7.591037079691886902e-03
7.644452452659606934e-01
1.307185593759641051e-04
1.914941892027854919e-02
7.797648757696151733e-02
7.151959836483001709e-02
1.299564028158783913e-04
3.691927194595336914e-01
7.383634801954030991e-03
9.320900440216064453e-01
2.934323623776435852e-03
5.343827009201049805e-01
9.768300056457519531e-01
6.179453339427709579e-04
7.213108539581298828e-01
2.306697666645050049e-01
1.533333561383187771e-04
3.561357259750366211e-01
2.466705918777734041e-04
2.267294228076934814e-01
8.879004120826721191e-01
9.803907014429569244e-03
1.785495202057063580e-03
3.310091197490692139e-01
9.661344289779663086e-01
9.993680119514465332e-01
5.176427587866783142e-02
8.493916690349578857e-02
1.294548157602548599e-02
8.927991613745689392e-03
2.710073255002498627e-02
6.275757551193237305e-01
8.295459672808647156e-03
1.989503070944920182e-04
8.831402063369750977e-01
3.614782541990280151e-02
4.453917790669947863e-05
1.676601171493530273e-02
2.087174914777278900e-02
2.017174701904878020e-04
4.324181005358695984e-02
7.755810022354125977e-01
5.818576216697692871e-01
1.506479270756244659e-02
1.140298554673790932e-03
2.384206047281622887e-03
5.232621356844902039e-02
9.945731759071350098e-01
