6.659773737192153931e-02 8.531598723493516445e-04 2.273867726325988770e-01 1.289278268814086914e-02 2.554169483482837677e-02 4.388899356126785278e-02 6.228389143943786621e-01
4.822987597435712814e-03 2.435840433463454247e-04 6.132740061730146408e-03 8.413753472268581390e-03 1.257277429103851318e-01 3.524162573739886284e-03 8.511350154876708984e-01
1.253348141908645630e-01 1.630225917324423790e-03 2.608023285865783691e-01 4.268577788025140762e-03 2.789939055219292641e-03 6.029015779495239258e-01 2.272482495754957199e-03
1.525398809462785721e-02 1.048945821821689606e-03 3.369123116135597229e-02 1.539252977818250656e-02 2.908374667167663574e-01 3.009295091032981873e-02 6.136828660964965820e-01
1.026181038469076157e-03 2.852744910342153162e-05 9.935470223426818848e-01 1.017608738038688898e-04 1.738396822474896908e-03 2.262222347781062126e-03 1.295812078751623631e-03
2.783867297694087029e-03 8.851318852975964546e-05 9.617175459861755371e-01 2.139984717359766364e-04 5.584369064308702946e-04 3.434171155095100403e-02 2.960179990623146296e-04
2.010230906307697296e-03 7.411945261992514133e-05 9.569997191429138184e-01 1.387132651871070266e-04 3.223614767193794250e-04 4.033506661653518677e-02 1.197542806039564312e-04
6.723226979374885559e-04 4.954345513397129253e-06 6.284457776928320527e-05 2.059462713077664375e-04 3.652716986835002899e-04 4.049508715979754925e-04 9.982837438583374023e-01
2.006092108786106110e-03 2.282753703184425831e-04 5.680602788925170898e-02 1.309178420342504978e-03 1.846893574111163616e-03 8.131960630416870117e-01 1.246073767542839050e-01
2.350893765687942505e-01 4.411089757923036814e-04 7.547054886817932129e-01 1.465056324377655983e-03 1.552146277390420437e-03 6.124626845121383667e-03 6.222348310984671116e-04
1.579820382175967097e-04 3.511764953145757318e-05 4.916116449749097228e-05 9.892923831939697266e-01 5.684293573722243309e-04 1.167836453532800078e-04 9.780138731002807617e-03
9.014732837677001953e-01 3.770819457713514566e-04 1.260615768842399120e-03 4.106659616809338331e-04 9.457424283027648926e-02 2.318306505912914872e-04 1.672297134064137936e-03
