1.390809891745448112e-03
6.470916559919714928e-04
2.273867726325988770e-01
1.614404463907703757e-04
2.926640991063322872e-05
3.271238412708044052e-03
9.532589316368103027e-01
2.755036205053329468e-02
2.341790869832038879e-02
1.167781229014508426e-04
1.203623879700899124e-02
9.987504482269287109e-01
1.009890511631965637e-01
1.046890094876289368e-01
7.412535604089498520e-03
1.757970638573169708e-02
6.928444504737854004e-01
3.602730631828308105e-01
1.839592121541500092e-02
5.827655792236328125e-01
4.093336610822007060e-05
5.292857531458139420e-03
1.612291671335697174e-03
1.225920714205130935e-04
3.301265463232994080e-02
6.512805074453353882e-02
2.822920978069305420e-01
1.225187152158468962e-04
9.587667584419250488e-01
9.700964093208312988e-01
4.571531899273395538e-03
8.104872703552246094e-01
6.132740061730146408e-03
1.003535464406013489e-03
1.618614653125405312e-03
2.608023285865783691e-01
3.369123116135597229e-02
2.480628609191626310e-04
6.040934324264526367e-01
8.294574171304702759e-02
4.951601658831350505e-05
5.057230126112699509e-03
9.935470223426818848e-01
3.314906656742095947e-01
7.861965894699096680e-02
5.133835673332214355e-01
8.338365703821182251e-03
1.865995824337005615e-01
2.378694117069244385e-01
6.747456267476081848e-03
1.554745528846979141e-02
7.131449580192565918e-01
9.827153086662292480e-01
9.962112903594970703e-01
9.617175459861755371e-01
9.866098761558532715e-01
1.201341045089066029e-03
1.498491503298282623e-02
5.351896834326907992e-05
2.362641134823206812e-05
7.280781269073486328e-01
7.492978125810623169e-03
2.764972392469644547e-03
9.945682287216186523e-01
9.466664195060729980e-01
3.331458137836307287e-04
1.642146613448858261e-03
8.990633487701416016e-01
9.569997191429138184e-01
2.537871301174163818e-01
1.607295274734497070e-01
7.927344739437103271e-02
9.662304520606994629e-01
9.130567908287048340e-01
7.093774080276489258e-01
1.174374265247024596e-04
9.964337348937988281e-01
3.478005761280655861e-03
9.987106323242187500e-01
1.881536991277243942e-05
6.790612824261188507e-04
5.818428937345743179e-03
9.973292350769042969e-01
2.541704161558300257e-04
1.726747117936611176e-02
3.320787567645311356e-03
3.988718526670709252e-05
2.197353867813944817e-03
9.785366058349609375e-01
3.373366594314575195e-02
9.943477511405944824e-01
7.397711742669343948e-04
3.248358890414237976e-02
9.881755113601684570e-01
1.005409937351942062e-02
4.205460209050215781e-05
6.284457776928320527e-05
9.964488744735717773e-01
9.738033413887023926e-01
5.680602788925170898e-02
1.873636245727539062e-02
4.154321504756808281e-05
8.989478945732116699e-01
7.547054886817932129e-01
1.010758569464087486e-03
5.381492665037512779e-04
4.916116449749097228e-05
9.983046054840087891e-01
9.971491694450378418e-01
9.663855433464050293e-01
3.273193025961518288e-03
4.661314189434051514e-01
4.885238129645586014e-03
1.057452755048871040e-03
1.260615768842399120e-03
2.302763459738343954e-05
9.973509311676025391e-01
9.030363559722900391e-01
7.964261749293655157e-05
2.353224204853177071e-03
9.383377432823181152e-01
8.156974911689758301e-01
5.712803453207015991e-02
1.355596352368593216e-02
9.733486771583557129e-01
5.315163135528564453e-01
3.779940307140350342e-03
8.964062333106994629e-01
9.057809710502624512e-01
2.557112090289592743e-02
6.764676887542009354e-03
1.328554790234193206e-04
9.568936228752136230e-01
8.331422507762908936e-02
1.179749728180468082e-03
8.951380252838134766e-01
2.289707213640213013e-02
1.899840831756591797e-01
9.420577883720397949e-01
6.576506048440933228e-02
9.533281326293945312e-01
5.652739405632019043e-01
1.396275823935866356e-03
2.573435194790363312e-04
4.989905059337615967e-01
3.296224474906921387e-01
1.626290264539420605e-03
9.901084922603331506e-06
1.564210467040538788e-02
6.313590798527002335e-03
1.230993568897247314e-01
9.364944696426391602e-01
4.501523822546005249e-02
7.165610790252685547e-02
7.699808478355407715e-01
9.598889946937561035e-01
1.315921451896429062e-02
2.825109520927071571e-03
9.920219182968139648e-01
9.230189919471740723e-01
2.546778023242950439e-01
9.594477415084838867e-01
2.668896503746509552e-02
1.620335131883621216e-02
5.202978849411010742e-02
1.279223859310150146e-01
9.907979965209960938e-01
1.059448067098855972e-02
1.953508472070097923e-03
5.527187604457139969e-04
