9.609955549240112305e-01
1.690619741566479206e-03
6.659773737192153931e-02
3.893918124958872795e-03
2.310788404429331422e-04
3.041923744603991508e-03
1.193610602058470249e-03
6.380803883075714111e-02
7.915730588138103485e-03
2.082532970234751701e-03
9.291447997093200684e-01
5.749011761508882046e-04
5.370182991027832031e-01
6.024135276675224304e-03
6.866634357720613480e-03
2.422431483864784241e-02
4.380609374493360519e-03
1.829917542636394501e-02
2.476069144904613495e-03
1.869555115699768066e-01
5.036942893639206886e-04
2.791208680719137192e-04
1.600685645826160908e-03
2.825330477207899094e-03
9.361548349261283875e-03
7.476904429495334625e-04
4.563813209533691406e-01
3.571928536985069513e-04
3.557292278856039047e-03
9.475237689912319183e-03
6.400451064109802246e-03
5.723170470446348190e-03
4.822987597435712814e-03
9.946569204330444336e-01
7.920607924461364746e-01
1.253348141908645630e-01
1.525398809462785721e-02
3.865074831992387772e-04
4.308331292122602463e-03
1.445552427321672440e-02
5.040894029662013054e-04
1.326132682152092457e-03
1.026181038469076157e-03
6.288514733314514160e-01
1.834691152907907963e-03
8.970583230257034302e-02
2.114620804786682129e-01
1.545388903468847275e-02
2.272074110805988312e-02
6.953020929358899593e-04
1.311489846557378769e-02
1.044714599847793579e-01
4.966403823345899582e-03
5.356030887924134731e-04
2.783867297694087029e-03
1.110861171036958694e-02
6.776924245059490204e-03
1.048014964908361435e-03
3.978850145358592272e-04
5.054375651525333524e-05
3.122047334909439087e-02
9.960645111277699471e-04
9.525769352912902832e-01
1.534394803456962109e-03
5.749142728745937347e-03
1.386772608384490013e-03
9.052545763552188873e-03
9.883789345622062683e-03
2.010230906307697296e-03
3.587032556533813477e-01
6.157382130622863770e-01
4.379651322960853577e-02
3.447557333856821060e-03
3.719090670347213745e-02
3.286842955276370049e-03
2.867290168069303036e-04
1.014898763969540596e-03
1.644206196069717407e-01
4.563135735224932432e-04
8.451648318441584706e-05
6.207288708537817001e-03
9.024010300636291504e-01
7.888292893767356873e-04
7.953243912197649479e-04
3.807385917752981186e-03
9.809427261352539062e-01
9.331693290732800961e-04
4.726571962237358093e-03
1.771019026637077332e-02
6.563808768987655640e-03
9.949841769412159920e-04
1.593558816239237785e-03
6.320738047361373901e-02
1.258363248780369759e-03
4.705646932125091553e-01
1.144542620750144124e-04
6.723226979374885559e-04
2.292090328410267830e-03
2.702282276004552841e-03
2.006092108786106110e-03
9.397069807164371014e-04
2.160435251425951719e-04
4.580857697874307632e-03
2.350893765687942505e-01
2.621953561902046204e-02
9.892834424972534180e-01
1.579820382175967097e-04
3.357014502398669720e-04
1.330744125880300999e-03
1.567513449117541313e-03
1.359447836875915527e-03
2.887434959411621094e-01
2.033256314462050796e-04
1.079255156219005585e-02
9.014732837677001953e-01
7.727026968495920300e-05
1.036447589285671711e-03
2.530837431550025940e-03
3.416560066398233175e-04
2.035560309886932373e-01
1.618079282343387604e-02
6.172958761453628540e-03
7.376687526702880859e-01
4.617273807525634766e-03
7.074471213854849339e-04
9.131107479333877563e-03
8.855972290039062500e-01
5.728997755795717239e-03
8.385464316233992577e-04
2.744424901902675629e-02
2.158647694159299135e-04
2.377418713876977563e-04
3.164218366146087646e-02
3.064677417278289795e-01
6.011587101966142654e-03
5.701067298650741577e-02
1.230579242110252380e-02
5.135449767112731934e-01
4.845513403415679932e-02
1.379418279975652695e-02
4.320279881358146667e-02
2.441740967333316803e-02
1.232858095318078995e-02
5.415228195488452911e-03
4.820795357227325439e-01
2.748366594314575195e-01
1.047657802700996399e-02
3.803900908678770065e-04
9.044231772422790527e-01
7.742090821266174316e-01
1.616906076669692993e-01
2.407689765095710754e-02
8.280170732177793980e-04
1.185420621186494827e-02
2.862088568508625031e-02
1.804372644983232021e-03
7.394212484359741211e-02
5.914056897163391113e-01
5.410282174125313759e-04
4.853572323918342590e-02
1.204638555645942688e-02
1.876660389825701714e-03
2.594377100467681885e-02
3.510076925158500671e-02
5.833528004586696625e-03
2.590161748230457306e-02
1.647247467190027237e-03
9.593821167945861816e-01
1.632321774959564209e-01
1.605784986168146133e-03
