4.552029713522642851e-04
4.560248344205319881e-04
1.289278268814086914e-02
1.014159715850837529e-04
9.755880832672119141e-01
1.737836748361587524e-01
2.089867193717509508e-04
2.318938262760639191e-03
1.666964776813983917e-02
1.385475043207406998e-04
2.995166741311550140e-02
3.820148776867426932e-05
1.715329736471176147e-01
1.164639368653297424e-03
4.198871254920959473e-01
5.630489322356879711e-04
1.062682480551302433e-03
2.492024563252925873e-03
1.501224702224135399e-03
1.957936771214008331e-02
6.572648999281227589e-05
1.697650295682251453e-04
8.891244530677795410e-01
1.044313103193417192e-04
6.212354451417922974e-02
3.817258111666887999e-04
2.695270627737045288e-02
1.047185659408569336e-01
3.807606699410825968e-04
1.769462978700175881e-04
1.598422997631132603e-03
1.049345126375555992e-03
8.413753472268581390e-03
1.695854938589036465e-03
5.297602037899196148e-04
4.268577788025140762e-03
1.539252977818250656e-02
1.383087635040283203e-01
7.909993291832506657e-04
2.761973813176155090e-02
9.361115694046020508e-01
1.618977286852896214e-03
1.017608738038688898e-04
4.209490027278661728e-03
6.609373958781361580e-04
3.097290406003594398e-03
5.726684350520372391e-03
3.226359141990542412e-03
5.275736004114151001e-02
8.455553906969726086e-04
1.070409193634986877e-01
3.865096252411603928e-03
8.227501530200242996e-05
6.805865268688648939e-05
2.139984717359766364e-04
1.136400969699025154e-04
4.600533575285226107e-04
4.066867113579064608e-04
9.660169482231140137e-01
9.949635267257690430e-01
8.833410101942718029e-04
4.166208673268556595e-04
2.100205980241298676e-02
8.944895671447739005e-05
5.600327276624739170e-04
1.399025321006774902e-03
2.502515679225325584e-03
6.431485526263713837e-04
1.387132651871070266e-04
1.273502595722675323e-02
1.408457756042480469e-02
2.532420214265584946e-03
4.442672070581465960e-04
1.010073348879814148e-03
5.478633102029561996e-04
8.014740943908691406e-01
6.655871402472257614e-05
2.312575578689575195e-01
5.226003850111737847e-05
9.974740147590637207e-01
5.707387328147888184e-01
6.113772839307785034e-02
6.648340786341577768e-05
8.721774816513061523e-01
1.658019609749317169e-03
4.831189755350351334e-03
2.760098432190716267e-04
6.889419746585190296e-04
1.248972694156691432e-04
1.329927798360586166e-02
7.506961264880374074e-05
6.662018597126007080e-03
3.459118073806166649e-03
1.377408480038866401e-04
8.967954665422439575e-02
2.348204841837286949e-03
2.059462713077664375e-04
6.712309550493955612e-05
2.630979288369417191e-04
1.309178420342504978e-03
3.260541707277297974e-03
9.930409193038940430e-01
1.240759156644344330e-03
1.465056324377655983e-03
8.731983834877610207e-04
4.567401017993688583e-03
9.892923831939697266e-01
3.219925929442979395e-05
4.982714744983240962e-05
3.441055596340447664e-04
2.526135928928852081e-02
7.650034502148628235e-03
1.114790502469986677e-04
7.000684738159179688e-01
4.106659616809338331e-04
9.982318282127380371e-01
3.440387808950617909e-05
8.962723659351468086e-04
8.904380798339843750e-01
9.842833504080772400e-03
4.381418693810701370e-04
5.584445316344499588e-04
1.745045999996364117e-03
1.479673571884632111e-02
1.173584314528852701e-04
2.977812197059392929e-03
7.216964382678270340e-03
7.257373072206974030e-04
2.085050073219463229e-04
3.066502744331955910e-03
9.775810176506638527e-04
6.647309660911560059e-02
7.224020664580166340e-04
3.012534230947494507e-02
1.939407666213810444e-03
1.299282419495284557e-03
7.727131247520446777e-02
1.417245622724294662e-02
2.034097415162250400e-04
6.826714426279067993e-02
1.942872186191380024e-04
8.907853625714778900e-03
3.064114414155483246e-02
3.879911382682621479e-04
2.288568997755646706e-03
6.352656986564397812e-03
3.736454760655760765e-03
3.866437327815219760e-05
1.270484831184148788e-02
9.811314940452575684e-02
3.997913748025894165e-02
1.064063748344779015e-03
4.753560351673513651e-04
6.983254104852676392e-02
1.584127661772072315e-03
1.897924812510609627e-04
1.072122342884540558e-02
2.890824377536773682e-01
7.868011016398668289e-05
1.445517642423510551e-03
8.553395979106426239e-03
2.360298531129956245e-04
4.201738629490137100e-03
8.271285146474838257e-02
3.470456460490822792e-03
8.425266481935977936e-03
1.659157132962718606e-04
1.792594045400619507e-02
1.748865004628896713e-03
1.873639557743445039e-04
