3.561820834875106812e-02
2.285949420183897018e-03
2.554169483482837677e-02
6.231846637092530727e-04
7.121154922060668468e-04
3.049627840518951416e-01
3.026163903996348381e-04
5.007972940802574158e-03
6.680850684642791748e-02
3.495124634355306625e-03
1.089897565543651581e-02
7.129100413294509053e-05
2.272813953459262848e-02
4.646271467208862305e-03
3.566627576947212219e-02
9.485422372817993164e-01
9.231213480234146118e-04
3.838830292224884033e-01
1.480905571952462196e-03
3.003766946494579315e-02
3.428508643992245197e-04
1.788036752259358764e-04
9.329507127404212952e-03
1.101922127418220043e-03
2.685853540897369385e-01
8.017100626602768898e-04
3.439283370971679688e-02
3.153901547193527222e-03
4.290487268008291721e-04
3.281239478383213282e-04
4.620343148708343506e-01
1.086218166165053844e-03
1.257277429103851318e-01
5.066162557341158390e-04
2.000074833631515503e-01
2.789939055219292641e-03
2.908374667167663574e-01
1.055954024195671082e-03
1.652760547585785389e-03
3.980097919702529907e-02
1.643800409510731697e-03
1.800367143005132675e-03
1.738396822474896908e-03
1.328358799219131470e-02
1.212035887874662876e-03
5.896736402064561844e-03
7.357663512229919434e-01
2.426359802484512329e-03
9.927142411470413208e-02
5.526012973859906197e-04
8.173156529664993286e-02
2.632543072104454041e-02
1.235357049154117703e-04
1.389763434417545795e-03
5.584369064308702946e-04
1.110452809371054173e-03
9.768143296241760254e-01
8.267595549114048481e-04
1.834366936236619949e-03
4.358145815785974264e-05
2.356385588645935059e-01
6.551544647663831711e-04
1.222050376236438751e-02
3.845088649541139603e-04
2.644983585923910141e-03
8.980585262179374695e-03
7.484991848468780518e-02
1.461582840420305729e-03
3.223614767193794250e-04
6.082301959395408630e-03
4.690471291542053223e-02
4.426955245435237885e-03
1.887227408587932587e-03
3.170130401849746704e-02
4.082394880242645741e-04
3.131989797111600637e-04
1.151055679656565189e-03
1.018255576491355896e-02
2.840433735400438309e-04
9.792888886295258999e-05
1.335813105106353760e-02
5.572062917053699493e-03
6.207960541360080242e-04
3.800482372753322124e-04
4.589853633660823107e-04
2.128087682649493217e-03
3.812662325799465179e-04
9.551275968551635742e-01
4.777142894454300404e-04
5.233197007328271866e-03
5.795301403850317001e-04
2.390961907804012299e-02
8.705394342541694641e-03
2.441264514345675707e-04
2.931328117847442627e-01
1.130027114413678646e-03
3.652716986835002899e-04
5.485569708980619907e-04
4.634396173059940338e-04
1.846893574111163616e-03
5.253948736935853958e-03
3.724833950400352478e-04
2.049788599833846092e-03
1.552146277390420437e-03
9.343698620796203613e-01
5.683338968083262444e-04
5.684293573722243309e-04
3.465116897132247686e-04
2.211518731201067567e-04
4.235716536641120911e-03
9.154964983463287354e-02
4.158160649240016937e-03
1.629542675800621510e-04
6.567821651697158813e-02
9.457424283027648926e-02
9.261975355911999941e-05
1.811481779441237450e-04
1.510910689830780029e-03
1.093158381991088390e-03
2.130348384380340576e-01
3.795584663748741150e-02
9.574610739946365356e-04
1.873230189085006714e-01
1.964027434587478638e-01
5.728018586523830891e-04
5.623670294880867004e-03
2.276947349309921265e-02
1.718191616237163544e-02
3.998507163487374783e-04
9.824152104556560516e-03
1.140586391557008028e-04
6.027665804140269756e-04
9.033023379743099213e-04
3.791557252407073975e-02
1.353348419070243835e-02
2.583278575912117958e-03
8.192270994186401367e-02
3.461928665637969971e-02
2.989986678585410118e-04
4.699217975139617920e-01
1.447701361030340195e-03
4.563758522272109985e-02
6.486070156097412109e-02
9.839313626289367676e-01
2.849371172487735748e-03
1.579285599291324615e-02
1.423393934965133667e-02
1.442809734726324677e-04
7.776564452797174454e-03
1.715638302266597748e-02
2.586026443168520927e-03
7.483325898647308350e-03
1.716252532787621021e-03
4.396002739667892456e-02
1.025243848562240601e-02
3.249511355534195900e-04
1.209885906428098679e-02
6.059369537979364395e-03
3.164980735164135695e-04
4.449409432709217072e-03
5.321520380675792694e-03
3.101743059232831001e-04
8.957846760749816895e-01
6.685210019350051880e-02
1.896095462143421173e-03
7.079788018018007278e-03
2.036416903138160706e-03
1.748472917824983597e-03
7.790681719779968262e-01
1.500817714259028435e-03
