3.357865207362920046e-04
1.491807233833242208e-05
8.531598723493516445e-04
8.553819498047232628e-06
3.665365875349380076e-05
7.069602143019437790e-04
4.726801125798374414e-05
6.743811536580324173e-04
1.076228800229728222e-03
9.458761269343085587e-06
1.845757826231420040e-03
5.597511972155189142e-06
5.366619210690259933e-03
3.209536953363567591e-04
1.246658503077924252e-03
4.399877216201275587e-04
2.547501353546977043e-04
6.727073923684656620e-04
1.603139826329424977e-04
2.357194200158119202e-03
1.797358436306240037e-06
5.136190884513780475e-05
2.819988876581192017e-04
7.602782716276124120e-06
1.436140388250350952e-03
1.117187712225131691e-04
3.559234784916043282e-03
4.480763891479000449e-05
9.009107452584430575e-05
8.834065374685451388e-05
1.588618761161342263e-04
2.488081227056682110e-04
2.435840433463454247e-04
2.873557677958160639e-04
5.467118462547659874e-04
1.630225917324423790e-03
1.048945821821689606e-03
5.389467696659266949e-05
2.790804428514093161e-04
1.919462927617132664e-03
6.403890438377857208e-05
2.104291343130171299e-04
2.852744910342153162e-05
1.147178001701831818e-03
1.761652820277959108e-04
1.206649350933730602e-03
1.077994471415877342e-03
7.476715254597365856e-04
3.047894453629851341e-03
1.219417827087454498e-04
1.268594525754451752e-03
1.153006451204419136e-03
4.545509000308811665e-05
2.283282265125308186e-05
8.851318852975964546e-05
6.226144614629447460e-05
1.332112151430919766e-04
1.214332587551325560e-04
8.066032023634761572e-05
1.097470430977409706e-05
6.442780722863972187e-04
1.159801977337338030e-04
1.432116841897368431e-03
2.511392813175916672e-05
1.569739251863211393e-04
2.969150409626308829e-05
1.215404045069590211e-04
2.452807966619729996e-04
7.411945261992514133e-05
2.069363603368401527e-03
1.960481284186244011e-03
7.717606495134532452e-04
9.365391451865434647e-05
4.785019555129110813e-04
1.885178644442930818e-04
4.800452006747946143e-05
2.155236688849981874e-05
1.367413089610636234e-03
8.604738468420691788e-06
1.617624002392403781e-05
4.711739020422101021e-04
2.556023653596639633e-03
1.256650557479588315e-05
7.981223461683839560e-05
2.184364420827478170e-04
5.501972627826035023e-04
4.485361387196462601e-06
1.475666940677911043e-04
7.320377335418015718e-05
3.216705226805061102e-04
3.111324622295796871e-05
7.408694364130496979e-05
1.086396048776805401e-03
3.312969784019514918e-05
2.913354896008968353e-03
7.041521257633576170e-06
4.954345513397129253e-06
2.729238622123375535e-05
6.708130968036130071e-05
2.282753703184425831e-04
2.351995644858106971e-04
3.874666072078980505e-05
2.338360500289127231e-04
4.411089757923036814e-04
2.322889922652393579e-04
6.807964527979493141e-04
3.511764953145757318e-05
1.116268140322063118e-05
1.441406493540853262e-05
9.105715434998273849e-05
1.785643544280901551e-04
1.075523556210100651e-03
4.160153184784576297e-05
6.978792371228337288e-04
3.770819457713514566e-04
1.433977831766242161e-05
1.651495585974771529e-05
1.453163713449612260e-04
5.267465530778281391e-05
8.494079811498522758e-04
2.931649796664714813e-04
1.962134410860016942e-04
1.607758225873112679e-03
4.521572845987975597e-04
5.574947499553672969e-05
5.754200974479317665e-04
9.144138311967253685e-04
1.398757885908707976e-04
8.512318891007453203e-05
8.317743777297437191e-04
5.470600444823503494e-05
2.689738721528556198e-05
1.195964068756438792e-04
1.238647266291081905e-03
5.713943028240464628e-05
4.843696078751236200e-04
1.439450308680534363e-03
1.686107367277145386e-03
1.205887238029390574e-04
1.933660125359892845e-03
1.111345845856703818e-04
1.028047641739249229e-03
3.592441789805889130e-04
9.023998427437618375e-05
7.369991508312523365e-04
1.037382520735263824e-03
1.470661954954266548e-04
8.610628583483048715e-07
1.335237640887498856e-03
2.155603142455220222e-03
2.175373723730444908e-03
3.229072899557650089e-04
1.533817558083683252e-04
1.451188698410987854e-03
7.445553201250731945e-04
7.181806722655892372e-05
4.503887903410941362e-04
5.702783819288015366e-03
3.109199315076693892e-05
2.308378170710057020e-04
8.847982389852404594e-04
7.030495908111333847e-05
7.691475329920649529e-04
1.147901406511664391e-03
2.986349863931536674e-04
1.421595108695328236e-03
5.328062252374365926e-05
9.959801100194454193e-04
5.819697980768978596e-04
1.438153140043141320e-05
