2.347982226638123393e-04
4.341232997830957174e-04
4.388899356126785278e-02
3.485124034341424704e-04
7.740806177025660872e-05
1.741313491947948933e-03
4.454511031508445740e-02
2.934627532958984375e-01
2.180718034505844116e-01
2.309225237695500255e-04
1.039828825742006302e-02
5.134695675224065781e-04
1.479560285806655884e-01
5.340991616249084473e-01
2.369601279497146606e-02
6.593418074771761894e-04
2.991264760494232178e-01
6.789404433220624924e-03
2.731304168701171875e-01
1.600405573844909668e-01
8.176136179827153683e-05
9.903252124786376953e-01
1.933140796609222889e-03
2.641214232426136732e-04
3.814752772450447083e-02
9.198075532913208008e-01
1.722450405359268188e-01
3.180420317221432924e-04
3.633643314242362976e-02
1.963551342487335205e-02
6.545603973791003227e-04
1.794561892747879028e-01
3.524162573739886284e-03
1.274142647162079811e-03
5.165672628208994865e-04
6.029015779495239258e-01
3.009295091032981873e-02
9.039749274961650372e-04
3.862768411636352539e-01
6.317647099494934082e-01
1.403062778990715742e-04
8.616925477981567383e-01
2.262222347781062126e-03
8.831353858113288879e-03
8.795552849769592285e-01
3.812963068485260010e-01
1.365360454656183720e-03
7.850329875946044922e-01
4.873737096786499023e-01
9.388021230697631836e-01
2.981206029653549194e-02
9.075565636157989502e-02
1.200827863067388535e-02
1.427556504495441914e-03
3.434171155095100403e-02
8.675730787217617035e-04
1.857870956882834435e-04
9.612037539482116699e-01
2.320029452675953507e-04
1.051580475177615881e-04
1.190816517919301987e-03
9.555806517601013184e-01
3.299731062725186348e-03
3.263065125793218613e-03
4.002600908279418945e-02
6.434151437133550644e-04
9.963152697309851646e-04
8.749098330736160278e-02
4.033506661653518677e-02
3.470370769500732422e-01
1.822966709733009338e-02
6.269342899322509766e-01
2.305913157761096954e-02
6.168772000819444656e-03
2.858636975288391113e-01
6.933356053195893764e-04
8.671795367263257504e-04
1.133898831903934479e-02
3.861039294861257076e-04
6.686053529847413301e-05
2.744117751717567444e-03
9.447124786674976349e-03
7.038698531687259674e-04
1.045012031681835651e-03
9.222124814987182617e-01
2.245186828076839447e-03
1.697446568869054317e-04
3.924275515601038933e-04
2.970933215692639351e-03
9.537757188081741333e-02
3.811191534623503685e-03
1.246983185410499573e-03
5.823825597763061523e-01
9.991341270506381989e-03
9.736499749124050140e-03
3.622052026912570000e-04
4.049508715979754925e-04
5.787731497548520565e-04
2.236374095082283020e-02
8.131960630416870117e-01
6.493589282035827637e-01
1.590812753420323133e-04
9.019836038351058960e-02
6.124626845121383667e-03
4.234407679177820683e-04
2.812603721395134926e-03
1.167836453532800078e-04
9.086212376132607460e-04
1.139424624852836132e-03
2.189510874450206757e-02
2.136650728061795235e-03
1.144109144806861877e-01
9.917365908622741699e-01
2.132233930751681328e-03
2.318306505912914872e-04
5.066975791123695672e-05
1.348128658719360828e-03
8.940789103507995605e-02
1.483285741414874792e-04
2.094481373205780983e-03
3.789446549490094185e-03
1.722144484519958496e-01
6.936460267752408981e-03
5.729813594371080399e-03
2.506713569164276123e-02
4.310262501239776611e-01
1.745532266795635223e-03
8.297666907310485840e-03
9.255702793598175049e-02
5.640694499015808105e-01
9.844894409179687500e-01
4.366422363091260195e-04
6.784498225897550583e-03
6.555765401571989059e-03
4.486499819904565811e-04
4.286637157201766968e-02
8.285280317068099976e-02
1.532329432666301727e-02
8.710864931344985962e-03
2.418241836130619049e-02
1.469155889935791492e-03
1.280056834220886230e-01
2.513583051040768623e-03
1.140145323006436229e-04
1.126956753432750702e-02
4.134893417358398438e-02
3.645148128271102905e-03
5.792165757156908512e-05
6.353838834911584854e-03
1.711297407746315002e-02
6.575239896774291992e-01
2.163035608828067780e-02
9.247110486030578613e-01
1.736701428890228271e-01
1.805217266082763672e-01
3.752109408378601074e-02
6.488041486591100693e-03
6.877686828374862671e-02
6.966252811253070831e-03
5.553562194108963013e-03
6.976443529129028320e-01
3.785736486315727234e-02
3.369915997609496117e-03
2.240202575922012329e-02
3.546137809753417969e-01
8.141845464706420898e-01
4.158847033977508545e-03
6.968725007027387619e-03
1.089081983081996441e-03
1.565780839882791042e-03
