1.900000000000000000e+01
3.000000000000000000e+00
5.600000000000000000e+01
3.000000000000000000e+00
2.418677324489564739e+01
5.200000000000000000e+01
1.972308292331602075e+01
3.900000000000000000e+01
5.900000000000000000e+01
5.300000000000000000e+01
2.600000000000000000e+01
3.492849839314595783e+01
3.400000000000000000e+01
1.900000000000000000e+01
3.800000000000000000e+01
4.000000000000000000e+01
2.600000000000000000e+01
2.900000000000000000e+01
4.242640687119284770e+00
3.001666203960726875e+01
3.000000000000000000e+00
5.000000000000000000e+00
3.400000000000000000e+01
2.996664812754339380e+01
2.800000000000000000e+01
4.000000000000000000e+00
4.500000000000000000e+01
4.000000000000000000e+01
3.000000000000000000e+00
5.100000000000000000e+01
4.000000000000000000e+00
5.600000000000000000e+01
1.600000000000000000e+01
3.100000000000000000e+01
3.700000000000000000e+01
4.500000000000000000e+01
3.700000000000000000e+01
3.000000000000000000e+00
2.147091055358388800e+01
5.300000000000000000e+01
5.500000000000000000e+01
2.785677655436823841e+01
4.300000000000000000e+01
1.600000000000000000e+01
4.100000000000000000e+01
3.200000000000000000e+01
2.600000000000000000e+01
3.800000000000000000e+01
2.816025568065744622e+01
4.600000000000000000e+01
4.100000000000000000e+01
3.800000000000000000e+01
3.700000000000000000e+01
1.600000000000000000e+01
3.401470270338990076e+01
4.000000000000000000e+00
3.712142238654116966e+01
2.973213749463701205e+01
6.000000000000000000e+01
4.800000000000000000e+01
4.700000000000000000e+01
3.000000000000000000e+00
3.700000000000000000e+01
4.709564735726646489e+01
3.200000000000000000e+01
5.700000000000000000e+01
2.236067977499789805e+01
5.100000000000000000e+01
5.000000000000000000e+01
4.210700654285459876e+01
5.300000000000000000e+01
4.000000000000000000e+00
5.100000000000000000e+01
3.000000000000000000e+00
3.000000000000000000e+00
5.500000000000000000e+01
5.308483775994798748e+01
2.817800560721074277e+01
5.600000000000000000e+01
4.242640687119284770e+00
1.900000000000000000e+01
3.400000000000000000e+01
2.039607805437113797e+01
5.100000000000000000e+01
1.886796226411320632e+01
4.700000000000000000e+01
1.900000000000000000e+01
4.242640687119284770e+00
3.000000000000000000e+00
3.612478373637688378e+01
4.600000000000000000e+01
2.236067977499789805e+01
1.389244398944980396e+01
3.000000000000000000e+00
4.000000000000000000e+01
5.100000000000000000e+01
1.900000000000000000e+01
5.900000000000000000e+01
4.900000000000000000e+01
4.500000000000000000e+01
5.100000000000000000e+01
4.000000000000000000e+00
5.400000000000000000e+01
3.640054944640259293e+01
3.000000000000000000e+00
1.600000000000000000e+01
4.000000000000000000e+00
4.500000000000000000e+01
5.100000000000000000e+01
3.000000000000000000e+00
4.000000000000000000e+01
5.500000000000000000e+01
2.900000000000000000e+01
2.800000000000000000e+01
4.600000000000000000e+01
5.208646657242167066e+01
5.500000000000000000e+01
5.000000000000000000e+01
1.838477631085023489e+01
2.024845673131658685e+01
5.600000000000000000e+01
3.000000000000000000e+00
6.000000000000000000e+00
4.700000000000000000e+01
3.400000000000000000e+01
5.208646657242167066e+01
4.100000000000000000e+01
3.500000000000000000e+01
3.423448553724738019e+01
2.800000000000000000e+01
1.600000000000000000e+01
5.500000000000000000e+01
5.308483775994798748e+01
3.000000000000000000e+00
5.800000000000000000e+01
1.600000000000000000e+01
3.100000000000000000e+01
3.900000000000000000e+01
3.383784863137726262e+01
3.700000000000000000e+01
3.000000000000000000e+01
4.900000000000000000e+01
3.000000000000000000e+00
5.907622195096772089e+01
4.600000000000000000e+01
5.707889277132134254e+01
4.400000000000000000e+01
4.100000000000000000e+01
2.300000000000000000e+01
2.088061301782110135e+01
1.972308292331602075e+01
3.800000000000000000e+01
5.200000000000000000e+01
5.900000000000000000e+01
1.500000000000000000e+01
4.242640687119284770e+00
