-7.150312868923449638e-01
-1.725900948909266219e+01
-1.999286022691802778e+00
3.046921413522082744e+01
-2.804653665246684024e+00
8.204367355328685107e+00
9.537807695161111265e-01
4.014227510961151069e+01
-6.780493099557974856e-01
3.023065344005204480e+01
-1.437085086414966462e+00
3.558180777461909527e-01
4.827283581546660401e-02
3.596239702126692350e+01
-2.327375142855108436e-01
-1.648019212195501959e+00
6.520231173621439114e-01
4.814879925993612031e-01
3.530295553510067208e+01
1.521483163844917219e-01
3.000361705871899076e+01
3.810687042170786754e+01
-2.162675002729455542e+01
3.496974116055913129e+01
-3.212947001308897876e-01
3.452250827123953059e+01
-8.363412246179203757e-01
-6.169420406853270755e+00
1.990005866519508060e-01
3.179419538765552306e-02
-1.631367902797070224e+00
-8.531556266184811207e-03
-3.742927334058067856e+01
-9.473489471273207618e-01
-1.050617950400157374e+00
4.776755055029977687e-02
-1.302491677552566618e-01
-8.624776667611092407e+00
2.672524436374126844e-01
-2.467768454088662133e-01
-3.064087625328328901e-01
3.820136948580997682e+01
-1.587171828059230627e-01
5.477522405853463283e-01
3.309788871601178784e+01
-1.031652757221925176e+00
-1.271298455787549520e+00
-3.554816831789368026e-01
-1.329150124374336883e+00
3.456118868274732137e+01
-7.287394492278082003e-02
5.381051099693807682e-01
-4.305833382932863218e-01
-1.068474804195735511e-01
2.171538902363287227e-01
7.182729083895006417e-01
-5.784403779497203635e-01
3.729748402466031365e+01
9.098577082178008757e-01
-1.102041842049025178e+01
9.758679299382029548e-02
3.629460279652636956e+01
-1.969013662093466177e+00
4.959926562288460850e-01
6.541547633655281357e-01
-3.662025632584727219e+01
-3.576771125942645568e+01
7.133092621634953279e-01
2.953629256440503184e-02
-6.055174062670355406e-01
-1.208857722215061381e+00
4.020066850106461231e+01
-5.362797879354976871e-01
1.735027876170142092e-01
9.226711340827600250e-01
-1.394044130329425357e+01
1.364638364544881632e+00
-2.951487249102093813e+01
8.345328255361518510e-02
3.941872524086583951e+00
3.893995402021533714e+00
-1.063721168550488816e+00
6.806765595717134687e-01
-1.777529521032529303e+01
3.298821047778778848e+01
-7.692116639645860676e-01
2.786971147112336311e+01
-7.920735320113149180e-01
5.635151261667086242e-01
2.406137722161523484e+01
-9.492561264474699834e-02
-3.368329694281077735e+01
3.815125672804488488e+01
2.182743334206456165e-01
-9.722514174593783753e-01
1.842996496294114195e+01
3.176583647211844763e+01
5.257409091333958839e-01
7.215227624741099577e-01
3.569431303681258782e+01
3.412699921744687259e+01
3.715043397873304176e+00
1.911930018043610513e-01
4.593307552005503336e-01
-5.899505697024812756e-01
-1.531314214018236086e+00
2.112027791871295079e+00
4.306293189502167773e-01
5.321142605281326682e-02
7.416511765935203115e-01
-3.766396420850772842e+01
-5.983288381596416627e-01
3.380861607982642170e+01
4.558643077903115959e+00
-6.000114832348052429e-01
4.111164492269319126e+00
1.261210232779925500e+00
3.145554378698671161e-01
-4.390966726809501175e+00
-3.284155863866286751e+01
2.807187173847227601e-01
-1.408110398001481967e+00
-1.221789629122562060e+00
1.919974464094251321e+00
-4.426571998160382278e-03
4.215636155566457322e-01
-2.825048153918054794e+01
1.374467310829463329e-01
-1.213623293850328855e+00
3.899342474102608236e+01
3.036151607376677219e+01
-8.822557474177386894e+00
-9.728009124965089072e-01
-7.389191187551542583e+00
9.677178226465283473e+00
2.048238306590344573e-02
-1.849794093666279782e+00
3.692675748682087145e-01
-2.973930893780161178e-01
-7.420191307974320916e-01
4.536497845568789322e-01
-3.798972692373533411e-01
-3.142701646219951073e+01
-9.201388265233221286e-01
-1.030208388538470521e+00
-1.120578091284472722e+00
-3.785617993806056347e+01
2.862547136479837206e+01
-9.210464017214520238e-01
-1.033093511684315180e+00
1.544931229024871511e-01
-2.116071310634506375e-01
3.520525537416482109e+01
-1.104928252053072102e+00
-7.252534703630837409e-01
-8.750731732461358714e-02
-2.246061428712481600e+01
-1.626744021412713570e+00
-1.499157960249066337e-03
2.313971498818866157e-01
5.005497255051950534e-01
5.681115022972310635e-01
-1.181430673294777023e+00
1.727432269335492876e+01
3.953767293687361928e+01
-6.439728012213458141e-01
4.225958087792709983e-01
-1.467004002764993986e+00
-1.281952180141987974e+00
3.140786002388785292e+01
