1.799663820798731706e+02
-1.783397422423734326e+02
-1.784708507275104239e+02
-1.786619445000284543e+02
-1.782981301992058718e+02
-1.782568019948317328e+02
1.799791819331636020e+02
-1.764929489510462020e+02
-1.791914802221564003e+02
-1.762321340973091424e+02
-1.787593716858052346e+02
-1.795055760640594826e+02
-1.789330959697812489e+02
-1.763139829243821453e+02
-1.794286182950846751e+02
-1.793514426011850844e+02
-1.797188204303465113e+02
-1.788125625187948344e+02
1.789621118492335370e+02
-1.786007850097903145e+02
-1.762703817704827713e+02
-1.743142362232951257e+02
-1.784087212461468823e+02
1.791962077196706105e+02
1.799369248874000107e+02
-1.760653084846064758e+02
-1.786109813275737110e+02
-1.785348903627057950e+02
1.798015245314333299e+02
1.787551285482141452e+02
-1.784842789260125642e+02
-1.795376183343387027e+02
-1.785717460029447068e+02
-1.796526897308294224e+02
-1.793893256462571628e+02
-1.789373555162425475e+02
-1.798829254594710676e+02
-1.780308528347644597e+02
1.797999084136462216e+02
-1.795520206097007190e+02
-1.787388851313560565e+02
-1.751639164219396605e+02
-1.788212933212812743e+02
-1.796931671182613570e+02
-1.793468644603071027e+02
-1.793780385301991203e+02
-1.796292974345137452e+02
1.799272420537992048e+02
-1.792403749804608708e+02
-1.782150334419660282e+02
-1.795678500480350124e+02
-1.787822201544785798e+02
-1.785284900015919334e+02
-1.786559158538793781e+02
1.794482449933967700e+02
-1.790671362658118539e+02
-1.785784346284140156e+02
-1.745725513126931787e+02
-1.790356494016846227e+02
-1.789602091250179114e+02
-1.793179448581987288e+02
-1.768447909602766970e+02
-1.789615975852491374e+02
-1.792081606835220668e+02
-1.794358722928026566e+02
-1.774763474666642651e+02
-1.793171874234574830e+02
1.797892119915609896e+02
-1.796498718123814626e+02
-1.786090730927312222e+02
-1.791199825209089056e+02
-1.763864076948785566e+02
-1.783692375313084995e+02
-1.781800377406206053e+02
-1.786878436637213099e+02
1.796830932248090278e+02
-1.794974019706953356e+02
-1.769060926092376747e+02
-1.798395688289956240e+02
-1.792885523560467504e+02
-1.792773312059860018e+02
-1.794106058003682449e+02
-1.793613185721703758e+02
-1.781888805509581459e+02
-1.796068284365400700e+02
-1.795498710405622091e+02
-1.765643882441087840e+02
-1.789135815543226329e+02
-1.797403829247120939e+02
-1.775941872139874818e+02
-1.794086659642595691e+02
1.797576805284131467e+02
-1.761167886867674497e+02
-1.789833549715654328e+02
-1.792050035389798381e+02
-1.785603826090846837e+02
-1.797074308521814316e+02
1.798057730977025415e+02
-1.783307263609812026e+02
-1.755707992930771013e+02
-1.789800077068807127e+02
-1.791005422328888983e+02
1.798770264986927714e+02
-1.798312451220722039e+02
-1.791043905089123598e+02
-1.791233252306998338e+02
-1.786080503769350969e+02
-1.778606904978194621e+02
1.794188932139738029e+02
-1.792015230766935758e+02
-1.783600236042213396e+02
-1.798395989717355974e+02
-1.759709751335093415e+02
-1.790508110249163849e+02
-1.798854843356015465e+02
-1.790596154481921758e+02
-1.785618101339818224e+02
-1.786766892804016038e+02
-1.786500164552207366e+02
-1.784681275280719603e+02
-1.791269986409915873e+02
-1.787482151312670737e+02
-1.782037576134642336e+02
-1.789004556949419111e+02
-1.787351330369153288e+02
-1.796739595700009602e+02
-1.770334064849895981e+02
-1.798091057604603407e+02
1.797722771877676564e+02
-1.775457182669498195e+02
-1.798679167637271803e+02
-1.787993968427651055e+02
1.797949470507362548e+02
-1.785295794529679370e+02
-1.760325346398102511e+02
-1.799011146046543672e+02
-1.797481119363456230e+02
1.797441955320834666e+02
-1.794237091441030714e+02
-1.798880916517454978e+02
-1.793232124688123577e+02
-1.785344351455611047e+02
-1.774876098348827043e+02
-1.789684822729570328e+02
1.796380197373493388e+02
-1.788604576036124740e+02
-1.780436386887058688e+02
1.793834305411653531e+02
-1.795377229379387245e+02
-1.790890398434376891e+02
-1.787400995527270311e+02
-1.793842879004204462e+02
-1.738220339099985381e+02
-1.796347734562524465e+02
-1.783609042295514087e+02
-1.791665358097184821e+02
-1.786184842383372029e+02
1.798392170734638853e+02
-1.787110251736115174e+02
-1.795455816334449253e+02
1.796614574782566933e+02
-1.795312183359293101e+02
-1.789073754412493145e+02
-1.789615585626463883e+02
-1.749455475535626192e+02
1.799270310918631992e+02
-1.789185855540640091e+02
-1.799788296736141717e+02
-1.796768847596414673e+02
-1.771041438036559725e+02
