-1.201763778504585467e+01
-1.430533830450316124e+01
-2.174381109671047341e+01
-1.537769825053867478e+01
-1.841666544516387560e+01
-2.181268496556549863e+01
-1.062311700905815925e+01
-2.221290571739800868e+01
-2.346756481879240042e+01
-1.275987483280697354e+01
-2.766076462253657908e+01
-1.938295898579265497e+01
-2.353807912038475436e+01
-2.733673326845001839e+01
-1.575434192831379399e+01
-1.032489622709982413e+01
-2.315742611627970504e+01
-1.696316077777516540e+01
-3.130606108274273680e+01
-1.492076253355141446e+01
-1.278907536570851633e+01
-2.195385938725429398e+01
-1.367137205708241687e+01
-1.949487567269685684e+01
-2.397642311142606530e+01
-2.725478847345615563e+01
-1.969230419766406825e+01
-1.664101837552923513e+01
-2.121069269596026530e+01
-8.478345319171827654e+00
-1.016928920019915417e+01
-1.997678932963072285e+01
-2.721541183301128797e+01
-7.447689367464304766e+00
-8.609874253808229128e+00
-1.757416624402538829e+01
-2.013160825964238043e+01
-1.493621242324577381e+01
-1.790893875060024598e+01
-1.621588902253103726e+01
-9.257026653562645535e+00
-2.275325335783763236e+01
-1.167862075608318762e+01
-2.550760270539586472e+01
-2.587324285984530547e+01
-1.931536152876394041e+01
-1.724176965611605539e+01
-2.674518272387257412e+01
-2.221298908875830236e+01
-1.959413345325353006e+01
-1.211456091159800863e+01
-1.451725934985749333e+01
-1.312051770277452079e+01
-1.665080581509511859e+01
-1.046387945870423408e+01
-2.011597089838065955e+01
-1.095067923380186237e+01
-2.335502670785982815e+01
-1.295217416317816017e+01
-1.293875331865148937e+01
-1.584215343904177509e+01
-2.927761410596628977e+01
-3.084411310490370894e+01
-1.645399138391803362e+01
-1.447634439952233620e+01
-2.541912488074869003e+01
-2.057789537764410071e+01
-1.240203190973361025e+01
-2.056043578169816044e+01
-1.754820159960898351e+01
-2.578747672208060848e+01
-2.207552561731474228e+01
-1.081290283667121344e+01
-1.921630594345515064e+01
-1.576766044933153843e+01
-1.163957381493113274e+01
-1.153817642878361838e+01
-2.007303957411501827e+01
-1.359336430499172366e+01
-1.514038358172035359e+01
-1.152082159180657328e+01
-2.792436861842252682e+01
-1.400139001057064370e+01
-1.820067729718997285e+01
-2.723009221155477988e+01
-1.869739034592755900e+01
-1.087125355626474565e+01
-1.251874932616789948e+01
-1.370966822479615210e+01
-1.993546084881680258e+01
-1.270060542251437496e+01
-2.027634865441099521e+01
-2.147961924828381086e+01
-1.711070782223013964e+01
-1.609863668151696103e+01
-8.595735659809546902e+00
-2.184749511941427969e+01
-1.361122216412426411e+01
-1.529051260289187475e+01
-2.294597463322454445e+01
-1.997765353983787406e+01
-8.327695921399643098e+00
-2.314646804756743137e+01
-1.932222219051786993e+01
-9.906078645003441707e+00
-2.773248594757859209e+01
-1.429709386304194219e+01
-2.071051788339189770e+01
-1.153406022474974080e+01
-2.315171860083644262e+01
-2.710087933009091188e+01
-1.904416033173430378e+01
-2.743245377086856607e+01
-3.472132836090306096e+00
-1.152258791539289540e+01
-3.632934675434688288e+00
-2.359496076139928178e+01
-1.039517859263762567e+01
-1.593592616612035329e+01
-2.022899532356522911e+01
-1.758966261019254063e+01
-2.231754548255023352e+01
-1.229783462844988584e+01
-1.263794942721838233e+01
-1.353739386697124303e+01
-2.322412277290060345e+01
-2.241036345187256273e+01
-1.916264119963330259e+01
-3.205454882050230481e+01
-1.622904513016946737e+01
-2.331440265459643157e+01
-1.426985563171327165e+01
-2.426533372050877091e+01
-9.887275828197898520e+00
-3.405825519258878664e+00
-2.576357633104828437e+01
-2.338371709918882857e+01
-2.479326253084920140e+01
-1.550814948765645873e+01
-1.645616417716323809e+01
-1.440477144739944038e+01
-1.787335013562637442e+01
-2.069803968861893395e+01
-5.250651705420615656e+00
-2.145279801533421349e+01
-2.569144172227970557e+01
-2.371091366425700286e+01
-1.357414378924847931e+01
-2.238852571889232479e+01
-1.171219753156387533e+01
-1.837000315066078215e+01
-2.033460913712216467e+01
-2.480365125318927255e+01
-2.497590142431890570e+01
-2.432504590913756815e+01
-1.308468792355590615e+01
-1.872438386593528392e+01
-3.061781717006219239e+01
-2.838085903320387970e+01
-2.096643155127415881e+01
-1.787233312752929848e+01
-1.960883823779737156e+01
-1.243519313476544141e+01
-1.374358437970384550e+01
-2.350521852832315872e+01
-2.381507579600722835e+01
-1.210506563862196927e+01
-2.763181791027784939e+01
-1.408442616334510156e+01
-1.746035147331845749e+01
