2.719237804412841797e-01
2.684570550918579102e-01
2.706298828125000000e-01
2.692382931709289551e-01
2.700927257537841797e-01
2.700927257537841797e-01
2.702392339706420898e-01
2.690429687500000000e-01
2.670898437500000000e-01
2.668212652206420898e-01
2.676757574081420898e-01
2.654540538787841797e-01
2.654540538787841797e-01
2.691650390625000000e-01
2.691650390625000000e-01
2.661865353584289551e-01
2.654296755790710449e-01
2.647460699081420898e-01
2.622558474540710449e-01
2.626220583915710449e-01
2.638428211212158203e-01
2.609131336212158203e-01
2.609131336212158203e-01
2.581787109375000000e-01
2.581787109375000000e-01
2.588378787040710449e-01
2.588378787040710449e-01
2.544434070587158203e-01
2.544434070587158203e-01
2.548583745956420898e-01
2.548583745956420898e-01
2.548828125000000000e-01
2.524414062500000000e-01
2.521728277206420898e-01
2.521728277206420898e-01
2.539551258087158203e-01
2.539551258087158203e-01
2.530273199081420898e-01
2.541992068290710449e-01
2.537353038787841797e-01
2.537353038787841797e-01
2.538818120956420898e-01
2.530028820037841797e-01
2.532470822334289551e-01
2.521240711212158203e-01
2.521240711212158203e-01
2.526122927665710449e-01
2.541015148162841797e-01
2.511962652206420898e-01
2.529052495956420898e-01
2.518554925918579102e-01
2.526611089706420898e-01
2.526611089706420898e-01
2.493407726287841797e-01
2.503417730331420898e-01
2.496093511581420898e-01
2.497558593750000000e-01
2.486083507537841797e-01
2.491210699081420898e-01
2.476806640625000000e-01
2.476806640625000000e-01
2.473877072334289551e-01
2.473877072334289551e-01
2.506591677665710449e-01
2.506591677665710449e-01
2.517821788787841797e-01
2.509765625000000000e-01
2.562744021415710449e-01
2.562744021415710449e-01
2.575439214706420898e-01
2.635986804962158203e-01
2.683594226837158203e-01
2.683594226837158203e-01
2.684570550918579102e-01
2.761474847793579102e-01
2.756592035293579102e-01
2.816406488418579102e-01
2.843017578125000000e-01
2.843017578125000000e-01
2.945556640625000000e-01
2.971435785293579102e-01
2.971435785293579102e-01
3.017333745956420898e-01
3.024170398712158203e-01
3.037353754043579102e-01
3.034179210662841797e-01
3.079345822334289551e-01
3.115966916084289551e-01
3.148925304412841797e-01
3.150146007537841797e-01
3.171875476837158203e-01
3.293701410293579102e-01
3.281494379043579102e-01
3.274170160293579102e-01
3.294677734375000000e-01
3.311035037040710449e-01
3.400146365165710449e-01
3.390868902206420898e-01
3.424560427665710449e-01
3.475586175918579102e-01
3.475586175918579102e-01
3.476318120956420898e-01
3.479492068290710449e-01
3.485351800918579102e-01
3.447997570037841797e-01
3.449218869209289551e-01
3.461181521415710449e-01
3.488280773162841797e-01
3.468749523162841797e-01
3.448730707168579102e-01
3.448730707168579102e-01
3.419433832168579102e-01
3.399658203125000000e-01
3.348876833915710449e-01
3.353027105331420898e-01
3.325439691543579102e-01
3.313964605331420898e-01
3.303467035293579102e-01
3.286132812500000000e-01
3.236816525459289551e-01
3.236816525459289551e-01
3.194091320037841797e-01
3.172607421875000000e-01
3.181884288787841797e-01
3.174804449081420898e-01
3.134033679962158203e-01
3.134033679962158203e-01
3.140380978584289551e-01
3.147704601287841797e-01
3.127441406250000000e-01
3.067138195037841797e-01
3.062255978584289551e-01
3.051757812500000000e-01
3.056640625000000000e-01
3.064696788787841797e-01
2.976562380790710449e-01
2.915771603584289551e-01
2.918945550918579102e-01
2.849365472793579102e-01
2.811523675918579102e-01
2.811523675918579102e-01
2.811523675918579102e-01
2.769775390625000000e-01
2.787353992462158203e-01
2.709472775459289551e-01
2.705078125000000000e-01
2.671874761581420898e-01
2.633789181709289551e-01
2.578613162040710449e-01
2.588866949081420898e-01
2.598632574081420898e-01
2.593994140625000000e-01
2.540527582168579102e-01
2.531006336212158203e-01
2.477051019668579102e-01
2.471191883087158203e-01
2.471191883087158203e-01
2.361328005790710449e-01
2.361328005790710449e-01
2.354491949081420898e-01
2.327392101287841797e-01
2.307373285293579102e-01
2.258545160293579102e-01
2.261718511581420898e-01
2.215576171875000000e-01
2.185302972793579102e-01
2.187988162040710449e-01
2.178223133087158203e-01
2.124512195587158203e-01
2.120116949081420898e-01
2.126220464706420898e-01
2.129394412040710449e-01
2.066161632537841797e-01
2.067382931709289551e-01
2.045654058456420898e-01
2.036865353584289551e-01
2.015380859375000000e-01
1.985352039337158203e-01
2.009766101837158203e-01
2.024414539337158203e-01
2.004638910293579102e-01
1.995849609375000000e-01
1.998535394668579102e-01
1.978027224540710449e-01
1.994140744209289551e-01
1.988769769668579102e-01
1.977294683456420898e-01
1.987060308456420898e-01
1.987792849540710449e-01
1.973632574081420898e-01
1.915283203125000000e-01
1.909668445587158203e-01
1.909668445587158203e-01
1.884276866912841797e-01
1.883056759834289551e-01
1.828368902206420898e-01
1.829102039337158203e-01
1.792480349540710449e-01
1.814453005790710449e-01
1.806640625000000000e-01
1.735107302665710449e-01
1.727050542831420898e-01
1.727050542831420898e-01
1.710693240165710449e-01
1.710693240165710449e-01
1.690185666084289551e-01
1.690185666084289551e-01
1.645752191543579102e-01
1.645752191543579102e-01
1.611572504043579102e-01
1.611572504043579102e-01
1.614013910293579102e-01
1.637207269668579102e-01
1.641357541084289551e-01
1.719482541084289551e-01
1.696532964706420898e-01
1.733886599540710449e-01
1.747558116912841797e-01
1.747558116912841797e-01
1.763427853584289551e-01
1.763427853584289551e-01
1.788818240165710449e-01
1.797851324081420898e-01
1.871582269668579102e-01
1.871582269668579102e-01
1.871582269668579102e-01
1.955810785293579102e-01
1.962401866912841797e-01
1.998779773712158203e-01
1.998779773712158203e-01
1.998779773712158203e-01
2.015625238418579102e-01
2.015625238418579102e-01
2.059814929962158203e-01
2.062255740165710449e-01
2.045410275459289551e-01
2.072998285293579102e-01
2.044433355331420898e-01
2.106933593750000000e-01
2.102538943290710449e-01
2.122313976287841797e-01
2.118408679962158203e-01
2.124267816543579102e-01
2.177734375000000000e-01
2.177734375000000000e-01
2.189941406250000000e-01
2.212158441543579102e-01
2.198974490165710449e-01
2.229248285293579102e-01
2.241455316543579102e-01
2.268310785293579102e-01
2.268798351287841797e-01
2.268798351287841797e-01
2.295654416084289551e-01
2.300537228584289551e-01
2.320801019668579102e-01
2.317870855331420898e-01
2.334228754043579102e-01
2.338622808456420898e-01
2.349365353584289551e-01
2.358398437500000000e-01
2.354004383087158203e-01
2.389160394668579102e-01
2.375488281250000000e-01
2.398681640625000000e-01
2.395263910293579102e-01
2.395263910293579102e-01
2.407226562500000000e-01
2.408691644668579102e-01
2.402099370956420898e-01
2.402099370956420898e-01
2.407714724540710449e-01
2.407470941543579102e-01
2.400634288787841797e-01
2.395263910293579102e-01
2.405029535293579102e-01
2.402343750000000000e-01
2.396240234375000000e-01
2.396240234375000000e-01
2.395263910293579102e-01
2.407226562500000000e-01
2.405761480331420898e-01
2.399902343750000000e-01
2.425048947334289551e-01
2.425048947334289551e-01
2.427978515625000000e-01
2.427978515625000000e-01
2.411864995956420898e-01
2.411864995956420898e-01
2.411864995956420898e-01
2.411864995956420898e-01
2.436767816543579102e-01
2.436767816543579102e-01
2.430175542831420898e-01
2.430175542831420898e-01
2.431396245956420898e-01
2.431396245956420898e-01
2.420654296875000000e-01
2.420654296875000000e-01
2.411864995956420898e-01
2.411864995956420898e-01
2.411864995956420898e-01
2.397949099540710449e-01
2.403075695037841797e-01
2.393554449081420898e-01
2.393554449081420898e-01
2.397705316543579102e-01
2.397460937500000000e-01
2.397460937500000000e-01
2.367919683456420898e-01
2.367919683456420898e-01
2.327880859375000000e-01
2.327880859375000000e-01
2.327880859375000000e-01
2.335205078125000000e-01
2.330566644668579102e-01
2.325195074081420898e-01
2.325195074081420898e-01
2.323730587959289551e-01
2.330566644668579102e-01
2.330566644668579102e-01
2.326660156250000000e-01
2.326660156250000000e-01
2.302246093750000000e-01
2.302246093750000000e-01
2.316650152206420898e-01
2.316650152206420898e-01
2.309325933456420898e-01
2.304687500000000000e-01
2.291504144668579102e-01
2.292968630790710449e-01
2.291504144668579102e-01
2.291504144668579102e-01
2.280273437500000000e-01
2.286376953125000000e-01
2.295898199081420898e-01
2.295898199081420898e-01
2.284424304962158203e-01
2.299560308456420898e-01
2.284911870956420898e-01
2.284911870956420898e-01
2.272704839706420898e-01
2.269775867462158203e-01
2.281249761581420898e-01
2.253662347793579102e-01
2.252197265625000000e-01
2.262451052665710449e-01
2.271972894668579102e-01
2.246093750000000000e-01
2.237793207168579102e-01
2.204834222793579102e-01
2.258789539337158203e-01
2.258789539337158203e-01
2.223144769668579102e-01
2.223144769668579102e-01
2.233398556709289551e-01
2.109375000000000000e-01
2.157226800918579102e-01
2.101074457168579102e-01
2.101074457168579102e-01
2.101074457168579102e-01
2.101074457168579102e-01
2.101074457168579102e-01
2.101074457168579102e-01
2.101074457168579102e-01
2.124755978584289551e-01
2.124755978584289551e-01
1.968261599540710449e-01
1.968261599540710449e-01
1.968261599540710449e-01
1.968261599540710449e-01
1.968261599540710449e-01
1.968261599540710449e-01
1.968261599540710449e-01
1.968261599540710449e-01
1.848144531250000000e-01
1.770263910293579102e-01
1.755126714706420898e-01
1.672851443290710449e-01
1.666991710662841797e-01
1.637695431709289551e-01
1.636718511581420898e-01
1.656494140625000000e-01
1.641356945037841797e-01
1.628417968750000000e-01
1.641113162040710449e-01
1.615966558456420898e-01
1.646728515625000000e-01
1.630371212959289551e-01
1.620605587959289551e-01
1.646484136581420898e-01
1.642090082168579102e-01
1.642090082168579102e-01
1.674804687500000000e-01
1.676757335662841797e-01
1.674804687500000000e-01
1.674804687500000000e-01
1.760253906250000000e-01
1.760253906250000000e-01
1.772460937500000000e-01
1.772460937500000000e-01
1.924072504043579102e-01
1.926513910293579102e-01
1.907226443290710449e-01
2.021973133087158203e-01
2.027343511581420898e-01
2.167968750000000000e-01
2.153075933456420898e-01
2.308349609375000000e-01
2.324951291084289551e-01
2.431885004043579102e-01
2.451660037040710449e-01
2.479003667831420898e-01
2.479003667831420898e-01
2.479003667831420898e-01
2.633788585662841797e-01
2.633788585662841797e-01
2.754150629043579102e-01
2.754150629043579102e-01
2.755126953125000000e-01
2.848632931709289551e-01
2.835448980331420898e-01
2.944091558456420898e-01
2.935058474540710449e-01
2.935058474540710449e-01
3.011230230331420898e-01
3.004882931709289551e-01
3.011718988418579102e-01
3.141845464706420898e-01
3.141845464706420898e-01
3.186279535293579102e-01
3.202636241912841797e-01
3.263915777206420898e-01
3.261963129043579102e-01
3.261963129043579102e-01
3.327148556709289551e-01
3.305175900459289551e-01
3.303710818290710449e-01
3.335693478584289551e-01
3.311278820037841797e-01
3.337402343750000000e-01
3.331787586212158203e-01
3.328857421875000000e-01
3.311279416084289551e-01
3.311279416084289551e-01
3.305175900459289551e-01
3.264404535293579102e-01
3.250488042831420898e-01
3.161865472793579102e-01
3.200194835662841797e-01
3.125731945037841797e-01
3.138183355331420898e-01
3.108398318290710449e-01
3.088867068290710449e-01
3.084961175918579102e-01
3.076660037040710449e-01
3.076660037040710449e-01
3.018554449081420898e-01
3.018554449081420898e-01
2.948486804962158203e-01
2.962890863418579102e-01
2.974121570587158203e-01
2.885742187500000000e-01
2.945312261581420898e-01
2.945312261581420898e-01
2.897949218750000000e-01
2.897949218750000000e-01
2.867187261581420898e-01
2.867187261581420898e-01
2.818359136581420898e-01
2.818359136581420898e-01
2.776367068290710449e-01
2.776367068290710449e-01
2.770264148712158203e-01
2.770264148712158203e-01
2.777832150459289551e-01
2.769042849540710449e-01
2.764648199081420898e-01
2.790527343750000000e-01
2.777831554412841797e-01
2.777831554412841797e-01
2.780273556709289551e-01
2.785400152206420898e-01
2.785155773162841797e-01
2.792968750000000000e-01
2.793700695037841797e-01
2.778320312500000000e-01
2.767089605331420898e-01
2.769286632537841797e-01
2.780517339706420898e-01
2.770751714706420898e-01
2.765868902206420898e-01
2.765868902206420898e-01
2.758544683456420898e-01
2.758544683456420898e-01
2.764648199081420898e-01
2.764648199081420898e-01
2.764648199081420898e-01
2.764648199081420898e-01
2.762206792831420898e-01
2.762206792831420898e-01
2.766602039337158203e-01
2.763671875000000000e-01
2.756103277206420898e-01
2.756103277206420898e-01
2.756103277206420898e-01
2.758544683456420898e-01
2.752685546875000000e-01
2.717285156250000000e-01
2.703857421875000000e-01
2.690674066543579102e-01
2.708008289337158203e-01
2.703613042831420898e-01
2.697998285293579102e-01
2.697998285293579102e-01
2.706054449081420898e-01
2.684081792831420898e-01
2.671874761581420898e-01
2.652343511581420898e-01
2.627441287040710449e-01
2.627441287040710449e-01
2.636718750000000000e-01
2.636718750000000000e-01
2.613281011581420898e-01
2.613281011581420898e-01
2.613281011581420898e-01
2.600097656250000000e-01
2.600097656250000000e-01
2.602783441543579102e-01
2.607177495956420898e-01
2.585449218750000000e-01
2.586181163787841797e-01
2.575439214706420898e-01
2.571777105331420898e-01
2.565673589706420898e-01
2.596679925918579102e-01
2.596679925918579102e-01
2.597168087959289551e-01
2.597168087959289551e-01
2.594238519668579102e-01
2.580810785293579102e-01
2.577148675918579102e-01
2.596191167831420898e-01
2.594238519668579102e-01
2.594238519668579102e-01
2.603271007537841797e-01
2.602294683456420898e-01
2.606933116912841797e-01
2.606933116912841797e-01
2.589355707168579102e-01
2.604004144668579102e-01
2.604736089706420898e-01
2.610839605331420898e-01
2.617187500000000000e-01
2.616943120956420898e-01
2.610839605331420898e-01
2.610839605331420898e-01
2.625732421875000000e-01
2.625732421875000000e-01
2.599121332168579102e-01
2.596191167831420898e-01
2.618652582168579102e-01
2.604980468750000000e-01
2.603515386581420898e-01
2.638183832168579102e-01
2.633545398712158203e-01
2.635009288787841797e-01
2.640625238418579102e-01
2.679198980331420898e-01
2.664550542831420898e-01
2.674804925918579102e-01
2.672363519668579102e-01
2.672363519668579102e-01
2.688964605331420898e-01
2.688964605331420898e-01
2.638915777206420898e-01
2.638915777206420898e-01
2.681152820587158203e-01
2.681152820587158203e-01
2.695801258087158203e-01
2.692871093750000000e-01
2.684081792831420898e-01
2.684081792831420898e-01
2.677978277206420898e-01
2.677978277206420898e-01
