2.719237804412841797e-01 9.001469612121582031e-02
2.476806640625000000e-01 8.811032772064208984e-02
3.236816525459289551e-01 8.198243379592895508e-02
2.024414539337158203e-01 1.071044802665710449e-01
2.102538943290710449e-01 1.426270008087158203e-01
2.411864995956420898e-01 1.837646365165710449e-01
2.101074457168579102e-01 3.945314884185791016e-02
2.755126953125000000e-01 1.080322265625000000e-01
2.777831554412841797e-01 9.777832031250000000e-02
2.594238519668579102e-01 9.328615665435791016e-02
