9.001469612121582031e-02
8.928227424621582031e-02
8.920896053314208984e-02
8.879399299621582031e-02
8.964848518371582031e-02
8.818358182907104492e-02
8.940434455871582031e-02
8.732914924621582031e-02
8.305668830871582031e-02
8.596193790435791016e-02
8.452153205871582031e-02
8.017575740814208984e-02
8.017575740814208984e-02
8.232426643371582031e-02
8.232426643371582031e-02
8.383786678314208984e-02
8.183598518371582031e-02
8.349609375000000000e-02
8.300781250000000000e-02
8.115231990814208984e-02
8.269047737121582031e-02
8.261716365814208984e-02
8.261716365814208984e-02
8.281254768371582031e-02
8.281254768371582031e-02
8.356928825378417969e-02
8.356928825378417969e-02
8.876955509185791016e-02
8.876955509185791016e-02
8.720701932907104492e-02
8.720701932907104492e-02
8.852541446685791016e-02
8.852541446685791016e-02
8.798825740814208984e-02
8.798825740814208984e-02
8.852541446685791016e-02
8.852541446685791016e-02
8.891600370407104492e-02
8.981931209564208984e-02
8.842778205871582031e-02
8.842778205871582031e-02
8.896481990814208984e-02
8.798825740814208984e-02
9.030759334564208984e-02
9.038084745407104492e-02
9.038084745407104492e-02
9.160161018371582031e-02
9.086918830871582031e-02
9.157717227935791016e-02
8.977055549621582031e-02
9.001469612121582031e-02
8.730471134185791016e-02
8.730471134185791016e-02
8.884274959564208984e-02
8.906251192092895508e-02
8.903813362121582031e-02
8.903813362121582031e-02
8.813476562500000000e-02
8.940434455871582031e-02
8.811032772064208984e-02
8.811032772064208984e-02
8.647465705871582031e-02
8.767092227935791016e-02
8.903807401657104492e-02
8.903807401657104492e-02
8.840334415435791016e-02
8.659672737121582031e-02
8.603513240814208984e-02
8.603513240814208984e-02
8.549803495407104492e-02
8.588868379592895508e-02
8.347165584564208984e-02
8.347165584564208984e-02
8.342283964157104492e-02
8.447265625000000000e-02
8.583986759185791016e-02
8.525389432907104492e-02
8.476567268371582031e-02
8.476567268371582031e-02
7.658696174621582031e-02
7.116699218750000000e-02
7.177734375000000000e-02
7.075196504592895508e-02
7.705080509185791016e-02
7.651364803314208984e-02
7.468259334564208984e-02
7.136231660842895508e-02
7.194823026657104492e-02
7.556152343750000000e-02
7.797849178314208984e-02
7.724606990814208984e-02
7.102048397064208984e-02
7.504880428314208984e-02
7.714843750000000000e-02
7.927250862121582031e-02
7.912600040435791016e-02
8.520507812500000000e-02
8.593750000000000000e-02
8.535158634185791016e-02
7.814943790435791016e-02
7.814943790435791016e-02
7.895505428314208984e-02
7.951658964157104492e-02
8.251953125000000000e-02
8.151853084564208984e-02
8.388674259185791016e-02
8.510744571685791016e-02
8.166503906250000000e-02
7.995605468750000000e-02
8.366698026657104492e-02
8.366698026657104492e-02
7.937014102935791016e-02
7.980954647064208984e-02
8.095705509185791016e-02
8.095705509185791016e-02
8.076173067092895508e-02
7.946777343750000000e-02
7.905268669128417969e-02
7.834470272064208984e-02
8.198243379592895508e-02
8.198243379592895508e-02
8.537596464157104492e-02
8.720701932907104492e-02
8.579099178314208984e-02
8.693850040435791016e-02
8.364260196685791016e-02
8.364260196685791016e-02
8.706057071685791016e-02
8.740234375000000000e-02
8.627927303314208984e-02
8.549809455871582031e-02
8.461916446685791016e-02
8.256834745407104492e-02
8.286130428314208984e-02
8.369141817092895508e-02
8.310544490814208984e-02
8.525389432907104492e-02
8.554685115814208984e-02
8.701169490814208984e-02
8.605957031250000000e-02
8.605957031250000000e-02
8.654785156250000000e-02
8.474123477935791016e-02
8.615720272064208984e-02
8.959960937500000000e-02
9.023439884185791016e-02
9.001469612121582031e-02
8.764648437500000000e-02
9.487307071685791016e-02
9.287106990814208984e-02
9.260249137878417969e-02
9.277343750000000000e-02
9.592282772064208984e-02
9.499514102935791016e-02
9.353029727935791016e-02
9.467768669128417969e-02
9.467768669128417969e-02
9.799802303314208984e-02
9.799802303314208984e-02
9.743654727935791016e-02
9.133303165435791016e-02
9.072268009185791016e-02
9.304201602935791016e-02
9.157717227935791016e-02
9.165036678314208984e-02
9.050297737121582031e-02
9.055173397064208984e-02
9.128415584564208984e-02
9.304201602935791016e-02
9.169924259185791016e-02
1.001220941543579102e-01
9.895014762878417969e-02
1.029297113418579102e-01
1.048583984375000000e-01
1.060302257537841797e-01
1.046630740165710449e-01
1.033691167831420898e-01
1.046631336212158203e-01
1.056152582168579102e-01
1.071044802665710449e-01
1.069824099540710449e-01
1.075927615165710449e-01
1.106933355331420898e-01
1.090087890625000000e-01
1.085693240165710449e-01
1.086425781250000000e-01
1.110595464706420898e-01
1.134033203125000000e-01
1.150146722793579102e-01
1.161864995956420898e-01
1.162353754043579102e-01
1.142333745956420898e-01
1.142333745956420898e-01
1.166747808456420898e-01
1.170409917831420898e-01
1.205078363418579102e-01
1.173583865165710449e-01
1.208984851837158203e-01
1.202880740165710449e-01
1.197997927665710449e-01
1.182616949081420898e-01
1.192871332168579102e-01
1.192871332168579102e-01
1.207275390625000000e-01
1.207275390625000000e-01
1.211670041084289551e-01
1.207519769668579102e-01
1.221191287040710449e-01
1.221191287040710449e-01
1.202881336212158203e-01
1.202881336212158203e-01
1.202881336212158203e-01
1.221923828125000000e-01
1.228515505790710449e-01
1.227051019668579102e-01
1.227539181709289551e-01
1.234619021415710449e-01
1.234375238418579102e-01
1.234375238418579102e-01
1.248046755790710449e-01
1.248046755790710449e-01
1.241699457168579102e-01
1.232178211212158203e-01
1.261230707168579102e-01
1.261230707168579102e-01
1.261230707168579102e-01
1.294433474540710449e-01
1.307128667831420898e-01
1.314452886581420898e-01
1.316162347793579102e-01
1.316162347793579102e-01
1.315429806709289551e-01
1.315429806709289551e-01
1.336425542831420898e-01
1.317627429962158203e-01
1.329590082168579102e-01
1.377929449081420898e-01
1.363769769668579102e-01
1.451171636581420898e-01
1.426270008087158203e-01
1.448242664337158203e-01
1.460449099540710449e-01
1.460449099540710449e-01
1.519042849540710449e-01
1.519042849540710449e-01
1.504394412040710449e-01
1.542236208915710449e-01
1.554931402206420898e-01
1.592041254043579102e-01
1.581298708915710449e-01
1.592773199081420898e-01
1.594482660293579102e-01
1.594482660293579102e-01
1.656249761581420898e-01
1.658691167831420898e-01
1.715332269668579102e-01
1.711670160293579102e-01
1.769775152206420898e-01
1.769775152206420898e-01
1.768554449081420898e-01
1.818115115165710449e-01
1.818115115165710449e-01
1.856445074081420898e-01
1.883056163787841797e-01
1.901611089706420898e-01
1.904785633087158203e-01
1.904785633087158203e-01
1.946045160293579102e-01
1.946045160293579102e-01
2.013427615165710449e-01
2.013427615165710449e-01
2.020508050918579102e-01
2.067382931709289551e-01
2.067382931709289551e-01
2.051025629043579102e-01
2.072021365165710449e-01
2.092040777206420898e-01
2.123290896415710449e-01
2.123290896415710449e-01
2.122558355331420898e-01
2.123535275459289551e-01
2.125976681709289551e-01
2.148926258087158203e-01
2.134521603584289551e-01
2.134521603584289551e-01
2.135498523712158203e-01
2.142089605331420898e-01
2.112548947334289551e-01
2.112548947334289551e-01
2.112548947334289551e-01
2.112548947334289551e-01
2.029541134834289551e-01
2.029541134834289551e-01
2.029541134834289551e-01
2.029541134834289551e-01
1.997558474540710449e-01
1.997558474540710449e-01
1.915527582168579102e-01
1.915527582168579102e-01
1.837646365165710449e-01
1.837646365165710449e-01
1.837646365165710449e-01
1.785644292831420898e-01
1.796142458915710449e-01
1.707031726837158203e-01
1.696288585662841797e-01
1.629394292831420898e-01
1.628417968750000000e-01
1.628417968750000000e-01
1.558837890625000000e-01
1.558837890625000000e-01
1.410156488418579102e-01
1.410156488418579102e-01
1.410156488418579102e-01
1.294189691543579102e-01
1.310790777206420898e-01
1.249755620956420898e-01
1.249755620956420898e-01
1.241699457168579102e-01
1.173340082168579102e-01
1.173340082168579102e-01
1.139892339706420898e-01
1.147705316543579102e-01
1.044677495956420898e-01
1.044677495956420898e-01
1.080077886581420898e-01
1.080077886581420898e-01
1.038573980331420898e-01
9.951174259185791016e-02
9.890139102935791016e-02
9.523928165435791016e-02
9.509277343750000000e-02
9.509277343750000000e-02
8.994138240814208984e-02
8.969724178314208984e-02
8.786618709564208984e-02
8.786618709564208984e-02
8.176267147064208984e-02
8.273923397064208984e-02
7.912600040435791016e-02
7.912600040435791016e-02
7.741701602935791016e-02
7.646483182907104492e-02
7.932126522064208984e-02
7.229006290435791016e-02
7.265627384185791016e-02
6.743162870407104492e-02
6.875002384185791016e-02
6.440430879592895508e-02
6.191408634185791016e-02
5.144041776657104492e-02
5.390626192092895508e-02
5.390626192092895508e-02
5.358886718750000000e-02
5.358886718750000000e-02
5.380856990814208984e-02
4.045408964157104492e-02
4.431152343750000000e-02
4.252928495407104492e-02
3.945314884185791016e-02
3.945314884185791016e-02
3.945314884185791016e-02
3.945314884185791016e-02
3.945314884185791016e-02
3.945314884185791016e-02
2.363282442092895508e-02
2.363282442092895508e-02
3.820800781250000000e-02
3.850102424621582031e-02
3.850102424621582031e-02
3.850102424621582031e-02
3.850102424621582031e-02
3.850102424621582031e-02
3.850102424621582031e-02
3.850102424621582031e-02
5.471193790435791016e-02
5.673825740814208984e-02
5.800783634185791016e-02
5.480957031250000000e-02
5.578613281250000000e-02
5.566406250000000000e-02
5.590820312500000000e-02
5.788576602935791016e-02
5.339360237121582031e-02
5.720210075378417969e-02
5.800783634185791016e-02
5.913084745407104492e-02
5.952149629592895508e-02
5.830073356628417969e-02
5.742192268371582031e-02
5.939936637878417969e-02
5.954587459564208984e-02
5.954587459564208984e-02
5.700683593750000000e-02
5.683588981628417969e-02
5.705565214157104492e-02
5.705565214157104492e-02
5.646973848342895508e-02
5.646973848342895508e-02
5.610346794128417969e-02
5.610346794128417969e-02
6.516110897064208984e-02
6.530761718750000000e-02
6.564939022064208984e-02
7.004392147064208984e-02
6.882321834564208984e-02
7.724606990814208984e-02
7.810056209564208984e-02
8.325195312500000000e-02
8.554685115814208984e-02
8.745115995407104492e-02
8.854979276657104492e-02
9.116208553314208984e-02
9.218752384185791016e-02
9.218752384185791016e-02
1.031982302665710449e-01
1.031982302665710449e-01
1.078369617462158203e-01
1.078369617462158203e-01
1.080322265625000000e-01
1.086914539337158203e-01
1.108642816543579102e-01
1.148193478584289551e-01
1.137939691543579102e-01
1.137939691543579102e-01
1.239013671875000000e-01
1.236084103584289551e-01
1.227782964706420898e-01
1.308593750000000000e-01
1.308593750000000000e-01
1.246826052665710449e-01
1.267578005790710449e-01
1.247558593750000000e-01
1.212402582168579102e-01
1.193847656250000000e-01
1.166504025459289551e-01
1.166259646415710449e-01
1.148437261581420898e-01
1.219726800918579102e-01
1.320312023162841797e-01
1.348144412040710449e-01
1.417724490165710449e-01
1.417724490165710449e-01
1.415527462959289551e-01
1.415527462959289551e-01
1.415527462959289551e-01
1.390380859375000000e-01
1.413574218750000000e-01
1.352539062500000000e-01
1.351318359375000000e-01
1.258056163787841797e-01
1.218506097793579102e-01
1.105224490165710449e-01
1.176025271415710449e-01
1.119384765625000000e-01
1.108398437500000000e-01
1.108398437500000000e-01
1.152343750000000000e-01
1.152343750000000000e-01
1.212158203125000000e-01
1.200439929962158203e-01
1.193603277206420898e-01
1.175537109375000000e-01
1.169189214706420898e-01
1.169189214706420898e-01
1.152343750000000000e-01
1.152343750000000000e-01
1.111328005790710449e-01
1.111328005790710449e-01
1.098144054412841797e-01
1.098144054412841797e-01
1.081298589706420898e-01
1.081298589706420898e-01
1.048828363418579102e-01
1.048828363418579102e-01
1.045410037040710449e-01
1.003417968750000000e-01
1.002441644668579102e-01
9.829103946685791016e-02
9.777832031250000000e-02
9.777832031250000000e-02
9.975588321685791016e-02
9.816896915435791016e-02
9.982907772064208984e-02
9.814453125000000000e-02
9.841310977935791016e-02
9.697270393371582031e-02
9.580075740814208984e-02
9.443354606628417969e-02
9.443354606628417969e-02
9.448242187500000000e-02
9.375000000000000000e-02
9.375000000000000000e-02
9.572756290435791016e-02
9.572756290435791016e-02
9.604489803314208984e-02
9.604489803314208984e-02
9.538573026657104492e-02
9.538573026657104492e-02
9.523928165435791016e-02
9.550786018371582031e-02
9.523928165435791016e-02
9.331059455871582031e-02
9.648436307907104492e-02
9.648436307907104492e-02
9.648436307907104492e-02
9.555661678314208984e-02
9.555661678314208984e-02
9.843754768371582031e-02
9.807133674621582031e-02
9.467768669128417969e-02
9.477537870407104492e-02
9.531247615814208984e-02
9.304201602935791016e-02
9.304201602935791016e-02
9.301757812500000000e-02
9.096682071685791016e-02
9.262692928314208984e-02
9.062498807907104492e-02
9.580075740814208984e-02
9.580075740814208984e-02
9.531247615814208984e-02
9.531247615814208984e-02
9.584963321685791016e-02
9.621584415435791016e-02
9.621584415435791016e-02
9.597170352935791016e-02
9.687501192092895508e-02
9.279787540435791016e-02
9.426271915435791016e-02
9.626466035842895508e-02
9.667968750000000000e-02
9.724116325378417969e-02
9.724116325378417969e-02
9.597170352935791016e-02
9.494626522064208984e-02
9.494626522064208984e-02
9.360349178314208984e-02
9.311521053314208984e-02
9.328615665435791016e-02
9.560549259185791016e-02
9.545898437500000000e-02
9.716796875000000000e-02
9.577637910842895508e-02
9.565424919128417969e-02
9.379887580871582031e-02
9.262692928314208984e-02
9.526371955871582031e-02
9.526371955871582031e-02
9.555661678314208984e-02
9.482419490814208984e-02
9.526371955871582031e-02
9.340822696685791016e-02
9.487307071685791016e-02
9.475100040435791016e-02
9.628903865814208984e-02
9.628903865814208984e-02
9.990239143371582031e-02
9.990239143371582031e-02
9.816896915435791016e-02
9.816896915435791016e-02
9.633791446685791016e-02
9.509277343750000000e-02
9.423828125000000000e-02
9.375000000000000000e-02
9.318846464157104492e-02
9.648436307907104492e-02
9.316408634185791016e-02
9.177243709564208984e-02
9.323728084564208984e-02
9.438478946685791016e-02
9.255373477935791016e-02
9.255373477935791016e-02
9.584963321685791016e-02
9.584963321685791016e-02
9.465336799621582031e-02
9.406733512878417969e-02
9.780275821685791016e-02
9.780275821685791016e-02
9.584963321685791016e-02
9.558105468750000000e-02
9.536135196685791016e-02
9.536135196685791016e-02
9.428715705871582031e-02
9.428715705871582031e-02
