-2.293679054852188770e+01 2.303313651665806372e+00 1.786874337302415370e+02
2.408674397380216803e+01 3.472212976668055173e+00 -1.784467188267297502e+02
9.778445440934218524e+00 1.658144258905310808e+00 -1.797889455621226489e+02
2.820378157198616975e+01 2.586618140764099572e+00 -1.782835645155883526e+02
-1.850992983954430571e+01 -6.128251118131247566e+00 1.791102676521307728e+02
-1.502446307442494700e+01 -2.570629813870838554e+00 1.793098642696581351e+02
-2.362679338969666887e+01 -7.436313136181141870e-01 1.782333276530654302e+02
-9.516827606186426536e+00 -6.550028608516743622e-01 1.796911529038722506e+02
-1.236712900593450648e+01 -1.192071720596517670e+00 1.789280244749349436e+02
2.797514768456996848e+01 5.224305193803233216e+00 -1.785832309192366552e+02
-1.329732984938396889e+01 1.043153605127697531e-01 1.787495517777477119e+02
-8.006941015032884579e+00 -3.288908684566165808e-01 1.791238736898058050e+02
-2.077152059933204242e+01 4.735898970391757556e-01 1.790482266257406252e+02
-2.422301836092301031e+01 1.751606912389929716e-01 -1.798616857924053818e+02
-2.217939030019914881e+01 8.461060501522427169e-01 1.787713583487174276e+02
-1.233875116748140854e+01 -1.581318767771767275e+00 1.794698413003875714e+02
-1.585801640464037021e+01 4.581095688227633245e-01 1.791401942113050438e+02
-2.525545130207741806e+01 5.182683695209618691e+00 1.795804308919790628e+02
-1.733073010197502484e+01 2.409740198935904854e+00 1.797383802284501542e+02
-1.653545326890494849e+01 -1.951403892448036803e+00 1.763555679660286160e+02
-2.610898238832328744e+01 8.917270059153443729e-01 1.789155670407507728e+02
-7.900951917497273769e+00 -3.156605817407177605e-01 1.789398529241000233e+02
1.901854791168866399e+01 2.272473857804995667e+00 -1.798658300221124762e+02
-1.083367761589261313e+01 4.771862508319754115e-01 1.780257837232981331e+02
-8.616747074142244500e+00 4.765726572624329749e-01 1.787560191706727437e+02
-1.270725782774430179e+01 1.797752635630274431e+00 1.795565672607269221e+02
-1.569030790220600480e+01 -1.082257109916775928e+00 1.787561868109312684e+02
-1.009052537154957463e+01 -1.495308882997053557e+00 1.792647256278795851e+02
-2.089263305394522874e+01 2.784866858661942945e+00 -1.785637795106904946e+02
-8.370394061940814368e+00 1.603375205549179672e+00 1.795220020377616379e+02
-1.687114744612692618e+01 -1.464070272313595433e+00 1.792043407038064800e+02
-9.846715793146454843e+00 -5.155435726289810949e-01 1.790717613343278458e+02
-9.409228357070855253e+00 -3.161405464569834178e-01 1.791871650244572152e+02
-3.011095130358666339e+01 -9.062564012592460028e-01 1.770194851826561830e+02
-1.664216604020907297e+01 -1.882131870264362794e+00 1.780697244495674170e+02
2.587174158311176697e+01 4.296846116540492311e+00 -1.764425963857910915e+02
-1.836953876235449812e+01 5.285298640962333705e-01 -1.797720139684187188e+02
-1.260039180778993684e+00 -3.012858507744693437e+00 1.779154574189100231e+02
-6.809661934334632960e+00 -1.395368765755930163e+00 1.787394996645424499e+02
-2.553305854094197613e+01 7.318583859477999276e+00 -1.793708982848612550e+02
-4.473226269374279696e+01 5.695390955967656765e+00 1.795600732311737318e+02
-1.442150711672555374e+01 3.298765759060677816e-01 1.795292007692958975e+02
-7.177784257662339407e+00 -7.288804831673061368e-01 1.790786972216269533e+02
-1.950346451560956851e+01 1.381632901384882706e+00 1.796000614741005563e+02
-1.844186655005904996e+01 3.012011766275727975e+00 -1.799673984742021844e+02
-1.633953534398335705e+01 -1.586826650407689332e+00 1.792643489467567406e+02
-1.416054251192021951e+01 -2.884502144581353456e+00 1.778391862621217285e+02
-2.237236034009275087e+01 1.318294248585671014e+00 1.787216330878042925e+02
2.893571459870192708e+00 -4.056240738074556873e+00 -1.799495975971106247e+02
-3.214523716852498580e+01 -1.031400693687355208e+01 -1.775184080820569648e+02
-7.633966135719743917e+00 2.739930663967381719e+00 -1.799011740092459775e+02
2.826696499895286507e+01 4.370745698390381406e+00 -1.791907515487145020e+02
-1.527634126355207123e+01 -1.526955889935006416e+00 -1.799824395995435111e+02
-9.810932036726814687e+00 1.076086615263053492e+00 1.791619457175225989e+02
4.820891881418114977e+00 3.021619953929462810e+00 -1.790047400308684473e+02
-1.826663959296247342e+01 5.572024004565174771e+00 1.795924248086396346e+02
2.857838632814883795e+01 1.489746746510436370e+00 -1.771888730375984267e+02
-5.340320295812623907e-01 1.623379228348163783e-01 1.797037856905284627e+02
-1.110101973309756040e+01 3.503564725872113872e+00 1.795672312444026772e+02
-1.907670846503905793e+01 -2.856463224354806929e+00 1.768292893191038218e+02
-1.128303366549621822e+00 -3.550097383559406516e+00 -1.796846605407837387e+02
2.737126658185229644e+01 2.922003755801607205e+00 -1.778061900110686224e+02
-9.342009903313647001e+00 -1.643310224656126417e+00 -1.798114190600998370e+02
-2.361556956084884007e+01 -7.444445512334524340e-01 1.782333276530654302e+02
-5.667211925416806295e+00 -2.311442975223670579e-02 1.797915559879570537e+02
-1.391040348248551339e+01 -1.476563006622900465e-01 1.778747294632892135e+02
-6.697224971157075046e+00 1.800478451176690919e+00 1.766829691711278656e+02
-1.802466493788297086e+01 1.881983543392424352e+00 1.792059692209951436e+02
-1.589171545663251628e+01 9.825048082974502384e-02 1.793126832384751594e+02
-1.007966647604783716e+01 -5.208692189819308371e-01 -1.792529965199100559e+02
-1.466876984335052292e+01 -1.935718241608846757e+00 1.776326150336992669e+02
-6.319869397277710021e+00 -5.979109573150855894e-01 1.793131826498178043e+02
-1.566027213297988752e+01 6.307328983920796883e-01 1.540899320678314268e+02
2.586366788165622665e+01 2.230893625367529776e+00 -1.776165884578462624e+02
3.076029029707352791e+01 3.798345382796701752e+00 -1.778285299232658190e+02
-1.220817867418792346e+01 2.980296405907829627e-01 1.791648800904689836e+02
-6.537845619354042626e+00 -2.203666920425649600e+00 1.786619134137673939e+02
-1.139488358586594074e+01 3.216355335823810058e-01 1.797961426244382892e+02
-1.644345903841189482e+01 2.347820569676404290e+00 -1.791172526721429961e+02
-1.315878788147376710e+01 1.651705657451534748e+00 -1.795974614817112354e+02
-3.638921305079228508e-01 8.122455896647871043e-01 -1.795853000122552032e+02
2.155619559946172714e+01 2.235726654850330064e+00 -1.793958975921891863e+02
-5.021381799824490066e+00 -4.249693021455188124e-01 1.795151924072983434e+02
-2.131299740418883459e+01 7.412816411190935595e-01 1.541635612610052704e+02
-1.861777259642634519e+01 3.468166073998913412e-01 1.791346287110925175e+02
-1.039531411469548594e+01 -1.987271665954442712e+00 1.545557873631517225e+02
-1.686648317352652171e+01 -1.457021071444145610e-01 1.780092433376662484e+02
-7.567957220344943003e+00 -8.260440867734337722e-01 1.791685621200867331e+02
3.422362257825054321e+00 2.317219189444227112e+00 1.799406934002036849e+02
-2.037146720247273990e+01 1.124060828182314120e+00 1.784592761105212162e+02
-6.038159988669974609e+00 1.495642562013847821e+00 1.777854878051577430e+02
-9.969145460048505214e+00 1.441813864580589133e+00 1.789093507262148819e+02
2.797563237400715153e+01 5.223784768646748233e+00 -1.785832309192366552e+02
-5.021381799824490066e+00 -4.249693021455188124e-01 1.795151924072983434e+02
-3.093806430933643270e+01 2.894366194272186110e+00 -1.794111903872269238e+02
-1.971099457259986920e+01 5.089739784497977482e+00 1.772193610847377840e+02
-1.787817222954180707e+01 6.361608138736956075e-01 1.799164411368609535e+02
-1.415406837429910780e+01 2.948522617772299181e+00 1.796817715142679788e+02
-2.690427734819515493e+01 3.592688544048890265e+00 1.796824959547601281e+02
2.525931012146937960e+01 3.481829101594016151e+00 -1.781315116170471242e+02
-1.123385778040051619e+01 1.197397935814292325e+00 1.798717079263038272e+02
-4.402376097701414359e+00 -1.529908037151400224e+00 1.784129302140502489e+02
-2.303637295571549615e+01 -2.915849988747623023e+00 1.794141495875992973e+02
-1.715521984417551238e+01 -1.679550576876155832e+00 1.798631126179459443e+02
-1.866405062024791306e+01 3.024930480647401981e-03 1.779995499622826571e+02
-8.923267159264922199e+00 -9.222625408606838215e-01 1.798784758249068432e+02
-4.166178987990399207e+01 4.326778621756592891e+00 1.795410849234081923e+02
2.147399516415860532e+01 2.352856169795119801e+00 -1.793963672368531945e+02
-4.002746675286601885e+00 -1.753901280906325466e+00 1.785762351263356322e+02
-1.065008094710466935e+01 3.128542469044167107e-01 1.792497572586279659e+02
-2.760594831860329990e+01 -3.890850053723426960e+00 1.765593072117817428e+02
3.035511446781006129e+01 2.307332451214727964e+00 -1.779096213214082525e+02
2.408884496881499970e+01 3.389778043887630599e+00 -1.787610299750841989e+02
-5.147430193802013498e+00 9.433401327269319570e-01 1.790855810653592357e+02
-2.525545130207741806e+01 5.182683695209618691e+00 1.795804308919790628e+02
-1.307837257274898413e+01 -5.565908563228083583e-01 1.780553519246538769e+02
-3.364538419609345965e+01 -4.521124701406568747e+00 1.565800677539054391e+02
-6.534158165877208546e+00 -1.545736081569376363e+00 1.788083170510167292e+02
-1.565398797769098316e+01 1.700282710897194627e-01 1.795285761931432944e+02
1.765647456029217111e+01 3.836009433536335056e+00 1.799712943092956152e+02
-5.231527086542870109e+01 6.873327037957412955e+00 1.781498294593721994e+02
-6.766492789298646393e+00 1.496608305701155849e-02 -1.797350039380042404e+02
-1.112832715727204480e+01 -6.005118298448990366e-01 1.786655102635655794e+02
1.356195539151183738e+01 4.685586922557130940e+00 1.778219471476119793e+02
-1.749958946072950638e+01 5.046341937482426765e+00 1.766117392996524700e+02
-7.567957220344943003e+00 -8.260440867734337722e-01 1.791685621200867331e+02
-1.615139838610796730e+01 -1.577588202577025811e+00 1.791652738116519288e+02
-2.310520204709705538e+01 1.054409545666948445e+00 -1.793807178297971916e+02
-3.237389951439644875e+01 -2.612282454558651601e+00 -1.777363348214371399e+02
-1.517136092626618549e+01 5.729917568455699106e-01 1.795012250501681024e+02
-5.537875547332032689e+00 -1.407465382552489208e+00 1.790694004031513487e+02
-3.521102014398791624e+01 3.204212115889474966e+00 1.794179354850166135e+02
-8.297875501358769057e+00 5.070887897773205255e-01 1.799546522529520587e+02
-3.504439650724888367e+01 -1.014405640900261218e+01 -1.796697158319479115e+02
-4.594549917617959522e+01 8.274285334322360796e+00 1.782394969179962629e+02
-8.791968045639691809e+00 -1.055332412452723245e+00 -1.796451638378018458e+02
-1.491248128368536996e+01 -4.556763623801706409e+00 1.788536775743747285e+02
-1.820110432660531785e+01 4.256491315580931634e+00 1.786078972977894352e+02
3.014299408579731576e+01 2.474153828060428939e+00 -1.773159597158559109e+02
-3.359312439118930627e+01 -1.096174076984767431e+01 -1.769965374273453449e+02
-1.938508704601473553e+01 -2.184300369028467248e+00 1.784734246944832137e+02
-1.483802589401215499e+01 1.283743984492230927e+00 1.773775860171088254e+02
2.032986052287885759e+00 1.353545610776350383e+00 1.787923019169306542e+02
-8.780485864692414211e+00 2.416671267735546191e+00 -1.792674113686703663e+02
-1.653545326890494849e+01 -1.951403892448036803e+00 1.763555679660286160e+02
-7.003728583989574652e+00 -1.554850368918187398e+00 1.796968095865154282e+02
-5.270141014832472592e+01 6.448274039555183634e+00 1.785153788949364184e+02
-4.436039064128181053e+01 7.194496269263649602e+00 1.792035996268499503e+02
9.780007212153348561e+00 1.658998081692993898e+00 -1.797889455621226489e+02
-2.089931236347916510e+01 -3.208245744421197809e+00 1.783047411296003872e+02
-1.453418639044656757e+01 2.965604872061453179e+00 1.796844106658480769e+02
-1.662757226313653902e+01 2.487039230180814187e+00 -1.793849811869322934e+02
-4.202296878376464662e+01 4.810826333337982597e+00 1.796740776938445663e+02
1.958014940767969492e+01 3.332709300598061919e+00 -1.791376012000515061e+02
-1.926335645302524924e+01 2.068559414547312070e+00 -1.798690930818314655e+02
-1.282300994621210855e+01 -6.785887787809321559e+00 1.797043316030547828e+02
-1.788614958162358803e+01 1.145792444213292738e+00 -1.798012524060857515e+02
-1.618333263710346515e+01 -1.383466501587050423e+00 1.779717105229748881e+02
-1.427442941704063983e+01 1.699369041669920088e+00 1.783149942572722466e+02
2.919429300101463909e+01 4.865134422634524114e+00 -1.782770380896521942e+02
-5.648772872578642357e+00 1.097411364262624728e-01 1.793862122417821752e+02
-5.555519140096783559e+01 8.133879217527532290e+00 1.797123121365314660e+02
-1.398086536116277934e+01 6.732973626314140425e-01 1.787302985854395274e+02
-7.884825489521479547e+00 -1.154766080459100897e+00 1.791217007241659758e+02
-2.114632548671607992e+01 1.238175305741333387e+00 1.776024649453032112e+02
-1.157249344924812640e+01 -6.321384795956149771e-01 1.794866972915521330e+02
-8.438122596356762983e+00 1.719034662995466700e-01 1.790943699424144313e+02
-1.053061099455405270e+01 1.330364717899856997e+00 1.791542203100871689e+02
-2.225215725717609061e+01 -2.077935156857118937e+00 -1.799972103894788233e+02
-3.924228082581606714e+01 3.079439425643556660e+00 1.799829077696933837e+02
-5.519142612914682999e+00 -1.200723350253053212e+00 -1.797618168946077901e+02
2.820378157198616975e+01 2.586618140764099572e+00 -1.782835645155883526e+02
-1.431794977682272219e+01 -2.721328392368965732e-01 -1.797951333811528514e+02
-1.887190443784938410e+01 -4.305485639884807370e-01 1.792819537286606817e+02
-5.993572926985802951e+01 8.322659549215348562e+00 1.786676482882089374e+02
-4.301208758509195462e+01 8.623106168231144508e+00 1.797095006808676771e+02
9.778445440934218524e+00 1.658144258905310808e+00 -1.797889455621226489e+02
-4.402376097701414359e+00 -1.529908037151400224e+00 1.784129302140502489e+02
-1.003879097872848902e+01 -2.013791433556550992e+00 1.764113469026010534e+02
-1.754507078862320046e+00 -4.307611478334573363e+00 1.795291959337820060e+02
-1.959439794512320887e+01 1.811864179530681795e+00 1.792229244433006556e+02
-1.150158403169503352e+01 2.029915125241945617e+00 1.794889816640719573e+02
-6.772083637528695022e+00 -3.538802759466652681e+00 1.784739487444421684e+02
-1.321138200149556674e+01 -5.175165516881111039e+00 1.791934508320904911e+02
4.108028213839335763e+01 -3.110897814818683216e+00 1.776181883083426101e+02
-3.800994932993899766e+01 3.292326447063170125e+00 1.797550742061150402e+02
-1.589171545663251628e+01 9.825048082974502384e-02 1.793126832384751594e+02
2.831549907167043045e+01 2.527582173951637312e+00 -1.771932958916199254e+02
-4.831891771662436952e+01 -5.157129818024363210e+00 1.557220627241675004e+02
-9.589589857922886651e+00 3.495181726370932385e+00 1.783076242382073247e+02
-1.019242968209398725e+01 2.524157422285528529e+00 1.789036782966651629e+02
-1.382589528389728528e+01 -1.007800935383458274e+00 1.787264824438001085e+02
-2.467368278453319963e+00 1.953489282706534491e-01 -1.798664401418362502e+02
-2.107907264398903280e+01 -3.167431517657074980e-01 1.784009710617204973e+02
-9.944479314746054399e+00 -4.657529031449101353e-01 1.795377822738325051e+02
1.560344573232694643e+01 4.051366939804966094e+00 1.779263083366270450e+02
-1.010816657682846653e+01 -1.188274782338078372e+00 1.796186442667635674e+02
-1.555144082966082841e+01 9.056293220152331624e-01 -1.799887649068389521e+02
-1.808240100604396616e+01 7.487469487670552759e-01 1.799164411368609535e+02
-2.636102743062462395e+01 -5.319625327088683964e-01 -1.793901127239199127e+02
-9.195109946917394694e+00 -3.762240310085863682e-01 1.783697532666261907e+02
-2.638091126072193404e+01 3.246616115645028611e+00 -1.793644392020191560e+02
-1.162860266540377197e+01 -3.485475018546318471e-01 1.795250470665093303e+02
2.586366788165622665e+01 2.230893625367529776e+00 -1.776165884578462624e+02
-2.447488030265791092e+00 -1.798357979635985870e+00 -1.797432337974613858e+02
-2.104033107034094385e+01 -1.565343952475866107e-01 1.788205926570286124e+02
-1.242045281101706067e+01 -1.225599197318745004e+00 1.790384937037057398e+02
-2.259324285919173292e+01 -7.653681057225729667e+00 1.529802420279492026e+02
-1.927755518049152883e+01 -1.511982401558108480e+00 1.783137859536607834e+02
-8.492708876775129312e+00 6.608633077859836502e-02 1.792429985950491869e+02
-5.925556621261217316e+01 9.657000586973259360e+00 1.793479035352225992e+02
-3.870121318376691022e+01 -4.599561518516661174e+00 1.764956637121439940e+02
-1.967738609186627485e+01 1.142369439137235876e+00 1.791756384036285397e+02
-1.244669310713215538e+01 -1.038096529313231375e+00 1.797773031290121253e+02
-2.494072910179475855e+01 -2.102986817678819953e-01 1.798636599602757826e+02
-1.626114578659827714e+01 -1.734230398902796288e+00 1.797300379489521163e+02
-9.944479314746054399e+00 -4.657529031449101353e-01 1.795377822738325051e+02
-8.224949512248768357e+00 -8.381769127436453637e-01 -1.798449081099383875e+02
-5.278699220951970084e-01 -3.491986012937381201e+00 -1.782387144358738453e+02
1.656896741392073835e+01 3.850708238948694628e+00 1.789505041530360643e+02
-3.023179355580450700e+00 -3.553556810269090427e+00 1.784677581218242608e+02
-2.588256127315847266e+01 -1.213218502532026344e+00 1.772636866669257074e+02
-7.751950253674913860e+00 -8.464943474180408600e-01 1.790180103930964606e+02
-1.839280893653180371e+01 -6.750933048160852046e+00 1.777794928639168575e+02
-1.166229582160142009e+01 4.900061412916461911e+00 -1.792621552902840563e+02
-1.236712900593450648e+01 -1.192071720596517670e+00 1.789280244749349436e+02
-1.919493928611875688e+01 1.552456806222132446e+00 1.799370396244291328e+02
-3.162046017387488472e+00 2.013390558194821267e+00 1.799818890927042787e+02
-5.278699220951970084e-01 -3.491986012937381201e+00 -1.782387144358738453e+02
-1.826663959296247342e+01 5.572024004565174771e+00 1.795924248086396346e+02
-1.321138200149556674e+01 -5.175165516881111039e+00 1.791934508320904911e+02
-3.255804128100427164e+01 -1.169347705385419767e+00 -1.794039327964100607e+02
-1.106372474513734616e+01 2.897602002674718680e+00 1.795634882838411670e+02
1.010318016786790452e+01 -2.621958612450027815e+00 1.758075312108014998e+02
-4.743201049249209156e+00 1.422888058062016459e+00 -1.795929252606824491e+02
-2.786798149908826616e+01 2.534862807991363542e+00 1.795622955346798619e+02
2.907266450257160528e+01 6.616535793128013765e+00 -1.760907531582280967e+02
-7.627642741665890291e+00 1.043885803303417958e+00 1.790367056813432498e+02
1.640749581509136235e+01 3.464756289821708801e+00 -1.798762355878132837e+02
-1.643169649232958207e+01 2.343693992378132140e+00 -1.791172526721429961e+02
-8.935631379353527137e+00 5.913640916964261196e-01 1.799545938840969370e+02
-1.404282190922426565e+01 9.248267809011339047e-01 1.787738903746348740e+02
-4.950221048921891764e+01 4.989112030791639008e+00 1.781510233603005418e+02
2.477620202311242892e+01 2.078790755970817639e+00 -1.799680190926998762e+02
2.534326910292676871e+01 3.460287943229567453e+00 -1.781315116170471242e+02
2.871197896931544591e+01 1.940841554657909196e+00 -1.770644884477941048e+02
-1.719830176234719232e+01 5.180222580579165736e-01 1.791471257115363755e+02
-1.628609779723484152e+01 -3.450571712362565657e-02 1.779027648977340448e+02
-3.759023754968814579e+00 3.205664803164329335e+00 1.788843662948954716e+02
-1.536118245953431050e+01 2.613093666501711820e-01 1.787461342129895456e+02
-4.473226269374279696e+01 5.695390955967656765e+00 1.795600732311737318e+02
-1.067675073141396425e+01 -7.245953830835540010e+00 1.788869296682985919e+02
-1.120076560673538957e+01 -4.717027129558305276e+00 1.762010021631078871e+02
-1.065010736533330871e+01 2.151651641471907517e-01 1.789986093584329012e+02
-9.800222545976653876e+00 -1.324748737453986358e+00 1.786530289035678152e+02
-1.006236087017556180e+01 -1.535654089044826920e+00 1.792490748154776270e+02
-2.200466323061737128e+01 -6.500345417260992242e+00 1.785636631190485275e+02
-1.157249344924812640e+01 -6.321384795956149771e-01 1.794866972915521330e+02
-1.357070812913918090e+01 -7.250110669017199028e-01 1.792605510624817953e+02
-1.603577410576436080e+01 -3.147023283134356975e-01 1.784818576820051987e+02
-1.409322727077394255e+01 -3.998425866714213628e-01 1.795868952979216715e+02
-1.726386045730254892e+01 -7.021739801887753041e-01 1.787680372740380221e+02
-1.903900680799389633e+01 -1.562693105952939754e-01 1.786609026451456828e+02
-1.646508063543629419e+01 1.187662874018250658e+00 1.793832598149512876e+02
2.155619559946172714e+01 2.235726654850330064e+00 -1.793958975921891863e+02
-5.755870317071067888e+00 1.892356861875460039e+00 1.794999092218930627e+02
-8.178061195735507383e+00 4.630230726883558523e-01 1.790329573853043428e+02
-2.494072910179475855e+01 -2.102986817678819953e-01 1.798636599602757826e+02
2.857838632814883795e+01 1.489746746510436370e+00 -1.771888730375984267e+02
-1.208519676954556665e+01 4.676422460975650508e-01 1.790193707398619551e+02
-1.918895064965838770e+01 2.053650591049434482e+00 -1.798690930818314655e+02
-2.636102743062462395e+01 -5.319625327088683964e-01 -1.793901127239199127e+02
-4.703635573725830632e+00 -4.927362425328775108e-01 -1.794235058683584043e+02
-2.314397478477516401e+01 -2.214382949040757609e+00 1.771649065067705067e+02
-2.579999168000182763e+01 1.935261138050102581e+00 1.766842219168747761e+02
-1.166229582160142009e+01 4.900061412916461911e+00 -1.792621552902840563e+02
-8.703147273507096315e+01 -7.406676926776557535e-01 1.785530013633241708e+02
-1.265173416414733865e+01 4.367736870320837461e-01 1.797962609492144281e+02
1.429733641279544898e+01 3.691628983803725728e+00 1.789607852986217438e+02
-1.418088273822543854e+01 -1.522944406094978442e-01 1.786996794957501322e+02
-1.939452778214909756e+01 5.074480914712933138e-02 1.798581410593081955e+02
-1.478869914386378071e+01 9.285858430170623734e-01 1.784198400939462203e+02
-2.805168164547977128e+01 -3.594361485438045012e+00 1.787563914340702524e+02
2.477620202311242892e+01 2.078790755970817639e+00 -1.799680190926998762e+02
-7.984040952885778530e+00 1.195807475388323216e+00 -1.797870644973720573e+02
-4.692633005101460419e+00 1.518273235455589232e+00 1.786806597154972280e+02
-1.779314661417485866e+01 1.364746634925300794e+00 1.795843545005577369e+02
-2.329492330982786186e+01 -1.837220309257775908e+00 1.790019324343470544e+02
-1.536730445055844108e+01 1.169091416041402320e+00 1.798121291824528498e+02
