7.985956617631018162e-04
2.743017394095659256e-04
3.529377281665802002e-04
7.466327515430748463e-04
3.837666590698063374e-04
2.998742565978318453e-04
1.526627689599990845e-03
2.654688978509511799e-05
1.363104238407686353e-04
1.267179613932967186e-03
3.472470270935446024e-04
7.975579501362517476e-05
8.644090121379122138e-05
4.603080742526799440e-04
1.480729784816503525e-03
7.566772983409464359e-04
4.912134318146854639e-05
5.024284124374389648e-03
5.179759464226663113e-04
1.127609502873383462e-04
1.891432912088930607e-03
2.909122034907341003e-03
3.268156069680117071e-05
2.786502882372587919e-04
6.594363367184996605e-04
1.824330771341919899e-03
3.963758354075253010e-05
3.029819054063409567e-04
2.868152223527431488e-04
1.658314489759504795e-03
4.589352174662053585e-04
1.730566145852208138e-03
1.926698605529963970e-04
2.427057828754186630e-03
3.499923972412943840e-03
1.692275051027536392e-03
6.160024786368012428e-04
1.419041946064680815e-04
8.054393110796809196e-04
6.213706452399492264e-03
2.588260103948414326e-04
1.052925083786249161e-02
3.599254123400896788e-04
8.506747544743120670e-04
1.789353205822408199e-03
4.507054400164633989e-04
4.959796206094324589e-04
2.075097523629665375e-03
4.099549259990453720e-03
4.125437044422142208e-05
3.919569135177880526e-04
9.082106407731771469e-04
8.818743517622351646e-04
1.980700035346671939e-04
2.427057828754186630e-03
1.721950480714440346e-03
4.720655269920825958e-04
2.112122310791164637e-04
7.991025224328041077e-03
3.159989501000382006e-05
1.115993130952119827e-03
5.741263157688081264e-04
3.870208747684955597e-04
4.116001364309340715e-04
2.273864112794399261e-03
4.970662412233650684e-04
1.622668496565893292e-04
3.745769790839403868e-04
5.034483969211578369e-03
1.006876118481159210e-03
1.996660372242331505e-03
5.824094405397772789e-04
2.712263725697994232e-03
2.321647916687652469e-04
3.901118412613868713e-03
9.519740706309676170e-04
2.052846393780782819e-04
2.293585384904872626e-05
5.143863614648580551e-03
3.909179649781435728e-04
3.676200984045863152e-03
3.496502467896789312e-04
5.857499781996011734e-04
7.171531615313142538e-05
2.949678106233477592e-03
4.320576044847257435e-05
6.829879566794261336e-05
5.780387204140424728e-03
3.920272283721715212e-04
3.305480931885540485e-04
9.766671573743224144e-04
2.043699787463992834e-04
1.389593002386391163e-03
1.456181751564145088e-03
7.026488892734050751e-04
4.261819703970104456e-04
2.582733286544680595e-03
6.107468507252633572e-04
9.907037019729614258e-04
2.601809137559030205e-05
1.851059496402740479e-03
2.427057828754186630e-03
4.484033270273357630e-04
6.330669391900300980e-03
2.408138389000669122e-04
4.279679560568183661e-04
1.508312998339533806e-04
4.945172695443034172e-04
8.764442463871091604e-05
7.262929575517773628e-04
4.819042223971337080e-04
1.003032666631042957e-03
1.135007245466113091e-03
5.385269760154187679e-04
1.404753304086625576e-03
1.301719574257731438e-03
6.334203761070966721e-03
5.986987380310893059e-04
1.835912553360685706e-05
2.263282367493957281e-04
6.912872049724683166e-05
5.840638186782598495e-03
2.427057828754186630e-03
9.037700365297496319e-04
1.702688983641564846e-03
1.158603350631892681e-03
1.017711838358081877e-04
1.551849418319761753e-04
1.776167628122493625e-04
1.474028977099806070e-04
6.427799351513385773e-03
2.672121918294578791e-04
3.530411049723625183e-05
1.734895072877407074e-02
1.096241874620318413e-03
3.900871670339256525e-04
7.716575637459754944e-04
3.731488715857267380e-03
2.651106042321771383e-04
1.895379158668220043e-03
5.325741367414593697e-04
1.133402460254728794e-03
1.205052685691043735e-04
9.657694608904421329e-04
5.161708104424178600e-04
1.997018698602914810e-04
4.620002000592648983e-04
3.348899190314114094e-04
3.825138846877962351e-04
7.924670353531837463e-04
2.080217236652970314e-04
6.586548988707363605e-04
1.952235586941242218e-03
6.822019931860268116e-04
6.314972997643053532e-04
1.893074810504913330e-02
2.927829045802354813e-03
2.244627568870782852e-03
3.653494641184806824e-03
5.464740097522735596e-04
1.411444856785237789e-03
7.438901229761540890e-04
5.311390268616378307e-04
8.995483949547633529e-05
2.532876096665859222e-04
2.551842189859598875e-04
1.108387514250352979e-04
2.730120322667062283e-04
2.449476392939686775e-03
1.065369579009711742e-04
1.091124024242162704e-03
6.750295142410323024e-05
1.835762377595528960e-04
2.446182304993271828e-03
2.671486232429742813e-03
4.175238311290740967e-03
5.576694384217262268e-04
1.277858973480761051e-03
1.332044601440429688e-03
1.073383609764277935e-04
9.525733185000717640e-04
2.462514385115355253e-05
1.917843474075198174e-04
2.317993639735504985e-04
3.250951413065195084e-04
1.420837943442165852e-04
2.539926790632307529e-04
1.110228709876537323e-02
8.522067219018936157e-03
1.257319352589547634e-03
2.482197945937514305e-03
1.058349589584395289e-04
2.703022677451372147e-03
8.855728810885921121e-05
9.588707471266388893e-04
9.423142182640731335e-04
1.673745427979156375e-04
3.743929264601320028e-04
3.029945364687591791e-04
1.187614907394163311e-05
4.508756392169743776e-04
3.250951413065195084e-04
9.428056364413350821e-05
7.269442430697381496e-04
3.200863022357225418e-03
4.111698362976312637e-04
2.414893824607133865e-03
6.899709114804863930e-04
4.296942788641899824e-04
3.528858360368758440e-04
9.597515454515814781e-04
4.787540528923273087e-03
5.952950596110895276e-05
2.537317108362913132e-03
4.166263533988967538e-05
2.005018061026930809e-03
1.031812280416488647e-04
2.397078496869653463e-04
3.303521589259617031e-05
1.821188256144523621e-03
9.294303134083747864e-03
2.027794020250439644e-03
8.022132096812129021e-04
1.055338652804493904e-04
9.428525227122008801e-04
2.524815499782562256e-03
1.947813289007171988e-04
5.991487996652722359e-04
2.395110903307795525e-03
2.044033026322722435e-03
9.338894160464406013e-04
1.598388655111193657e-03
2.372824019403196871e-05
2.266783121740445495e-04
3.631736617535352707e-03
4.448480030987411737e-04
1.094439416192471981e-03
2.075097523629665375e-03
5.572723239311017096e-05
2.296643797308206558e-03
4.751670348923653364e-04
5.116371903568506241e-03
5.167624331079423428e-04
1.246845640707761049e-04
3.037029819097369909e-05
1.375003950670361519e-03
5.238502126303501427e-05
7.797816302627325058e-03
4.086049157194793224e-04
1.182836567750200629e-04
1.190953608602285385e-02
2.471686748322099447e-04
5.000467645004391670e-04
3.544441278791055083e-05
2.604588516987860203e-04
7.170467870309948921e-04
2.624663102324120700e-05
1.783817133400589228e-04
6.478123395936563611e-05
2.415997209027409554e-03
2.703022677451372147e-03
8.643908076919615269e-04
1.073045888915657997e-03
4.816016182303428650e-03
3.497664874885231256e-04
3.454776015132665634e-04
1.542168785817921162e-03
2.513927407562732697e-03
4.507054400164633989e-04
1.851123757660388947e-03
3.683124377857893705e-04
2.817603759467601776e-03
8.853035978972911835e-06
1.841522171162068844e-04
4.187259823083877563e-03
7.500489591620862484e-04
2.162118180422112346e-04
6.726666819304227829e-03
1.805674866773188114e-03
6.234365049749612808e-03
1.275719696423038840e-04
4.749930521938949823e-04
1.574352616444230080e-03
3.078192239627242088e-04
1.283929217606782913e-02
1.254373364645289257e-05
1.456820755265653133e-04
4.130636225454509258e-04
4.350326955318450928e-03
9.708193101687356830e-05
2.554158272687345743e-04
1.193796982988715172e-03
3.514866984914988279e-04
3.234450996387749910e-04
1.196613186039030552e-03
2.516561886295676231e-03
3.919569135177880526e-04
2.427057828754186630e-03
7.621746044605970383e-04
4.676283337175846100e-03
8.986863576865289360e-06
2.588654751889407635e-04
7.754127960652112961e-03
1.115825492888689041e-03
1.520136138424277306e-03
2.863284316845238209e-04
9.961301693692803383e-04
1.200344180688261986e-03
4.532699240371584892e-04
4.431078210473060608e-03
1.009009196422994137e-03
2.698967291507869959e-04
6.944475462660193443e-04
1.445823727408424020e-04
1.372438156977295876e-03
3.646765253506600857e-04
5.984943825751543045e-03
4.179198003839701414e-05
3.023068129550665617e-04
8.655489073134958744e-04
4.907454713247716427e-04
1.324833254329860210e-03
4.365584172774106264e-04
1.659202855080366135e-03
6.607408169656991959e-03
1.659180154092609882e-03
3.530189860612154007e-04
4.030910349683836102e-05
7.916487520560622215e-04
2.206425648182630539e-03
4.787540528923273087e-03
9.775461512617766857e-05
5.337533075362443924e-04
2.585245529189705849e-04
1.862902892753481865e-03
8.256790351879317313e-06
1.530546811409294605e-03
1.949016441358253360e-04
2.665646024979650974e-04
9.969894308596849442e-04
8.128926856443285942e-05
2.769130049273371696e-03
3.288086270913481712e-03
6.080516413931036368e-06
1.545916020404547453e-04
6.049756775610148907e-04
2.654688978509511799e-05
3.965272917412221432e-04
2.607104135677218437e-03
2.022497355937957764e-03
1.086550578474998474e-02
4.933635238558053970e-03
1.526627689599990845e-03
2.948884211946278811e-04
9.235044126398861408e-04
9.294303134083747864e-03
7.834850694052875042e-04
4.329159273765981197e-04
1.011451589874923229e-03
8.762881043367087841e-04
3.648305719252675772e-04
8.420097292400896549e-04
9.362277342006564140e-04
2.677696465980261564e-05
6.155319861136376858e-04
1.836521259974688292e-04
1.964756374945864081e-04
3.183866618201136589e-03
6.586548988707363605e-04
1.228951987286563963e-05
3.864235244691371918e-03
1.328082638792693615e-03
2.516641980037093163e-04
2.742004289757460356e-04
1.733313401928171515e-04
3.469290211796760559e-03
8.516586967743933201e-05
9.100990719161927700e-04
2.198496440541930497e-05
1.058150548487901688e-03
5.526316726900404319e-06
3.381933202035725117e-04
1.617952948436141014e-03
7.783966721035540104e-04
1.043894910253584385e-03
3.846163963316939771e-06
3.320228279335424304e-05
4.147153347730636597e-03
9.314122726209461689e-04
2.872136887162923813e-03
4.310609656386077404e-04
3.450780923230922781e-06
1.952297519892454147e-03
2.073304029181599617e-03
9.775533108040690422e-04
6.372806965373456478e-04
6.375222583301365376e-04
5.606306949630379677e-04
2.791222941596060991e-04
8.036484359763562679e-04
1.861690077930688858e-03
6.750295142410323024e-05
1.547246589325368404e-03
4.327997739892452955e-04
3.052689498872496188e-05
7.655569934286177158e-04
3.046987112611532211e-03
1.959811896085739136e-03
2.930552582256495953e-04
2.427057828754186630e-03
2.448799787089228630e-03
2.998332456627395004e-05
3.710170276463031769e-03
4.212300336803309619e-05
2.399064251221716404e-04
1.105354982428252697e-03
2.975158626213669777e-03
1.628555823117494583e-03
2.324298984603956342e-04
4.696123069152235985e-04
1.030678744427859783e-03
1.530818524770438671e-03
2.414105256320908666e-04
1.501395949162542820e-03
6.852246006019413471e-04
6.460316944867372513e-04
1.617952948436141014e-03
6.713270558975636959e-04
2.066698943963274360e-04
1.541426026960834861e-04
1.747433561831712723e-04
3.989248216385021806e-05
5.742088425904512405e-03
3.189074341207742691e-04
3.680279769469052553e-04
7.226843445096164942e-05
4.867361858487129211e-03
2.500951988622546196e-03
7.260603597387671471e-04
1.015949092106893659e-04
1.606499863555654883e-04
1.208344753831624985e-02
8.571607177145779133e-04
2.786502882372587919e-04
1.794043637346476316e-04
7.628371240571141243e-04
9.528495138511061668e-05
2.324298984603956342e-04
1.541426026960834861e-04
5.986987380310893059e-04
8.420097292400896549e-04
9.331136971013620496e-05
1.030192710459232330e-03
1.689558383077383041e-03
1.206138986162841320e-03
6.107468507252633572e-04
4.563820548355579376e-04
4.992322064936161041e-04
1.197704114019870758e-03
8.667199290357530117e-05
1.999567961320281029e-03
1.714461366645991802e-03
1.399444590788334608e-04
1.297525595873594284e-03
4.176642396487295628e-04
1.062485171132721007e-04
4.212232597637921572e-04
1.252964953891932964e-03
4.986769636161625385e-04
1.504505984485149384e-03
8.409409783780574799e-03
4.208032041788101196e-03
1.669897697865962982e-03
4.045249428600072861e-03
1.096241874620318413e-03
4.606690708897076547e-05
3.297047805972397327e-05
5.141481597092933953e-05
8.024007547646760941e-04
1.979972876142710447e-05
3.934031992685049772e-04
3.761091269552707672e-03
1.000303291220916435e-05
1.042997464537620544e-03
2.391170943155884743e-03
1.270350185222923756e-03
2.701307821553200483e-04
8.346484719368163496e-06
7.570286979898810387e-04
1.135007245466113091e-03
1.806602231226861477e-04
1.389593002386391163e-03
1.449230476282536983e-04
2.924166328739374876e-04
8.900154498405754566e-04
1.883395714685320854e-03
9.008888737298548222e-04
2.315682591870427132e-03
2.550835488364100456e-04
3.198477788828313351e-04
3.686753043439239264e-04
1.440355699742212892e-04
6.100729806348681450e-04
9.775461512617766857e-05
1.299897558055818081e-03
2.651246730238199234e-03
5.692000035196542740e-03
1.721238717436790466e-03
1.155976424342952669e-04
1.701494766166433692e-04
1.176062040030956268e-02
3.684085095301270485e-05
2.368133049458265305e-03
3.134444705210626125e-04
7.282793521881103516e-04
4.720908123999834061e-03
1.917843474075198174e-04
1.407502335496246815e-03
5.381296854466199875e-03
2.135954709956422448e-04
3.397843684069812298e-04
1.530818524770438671e-03
5.141481597092933953e-05
6.912872049724683166e-05
3.687307238578796387e-03
1.028332579880952835e-02
2.590794174466282129e-04
1.692048863333184272e-05
3.394224913790822029e-04
4.407234664540737867e-04
7.008471293374896049e-04
1.118496991693973541e-03
1.952297519892454147e-03
7.097995257936418056e-04
6.396864773705601692e-05
2.110225177602842450e-04
7.369120721705257893e-04
9.617278556106612086e-05
3.962444607168436050e-03
2.984503225889056921e-04
2.139191143214702606e-03
8.571607177145779133e-04
5.967071047052741051e-04
3.919864830095320940e-04
1.959751098183915019e-04
1.001329728751443326e-04
2.059674123302102089e-03
2.617773425299674273e-04
1.911569124786183238e-04
4.010190241388045251e-05
1.794765557860955596e-04
4.827668017242103815e-04
2.236784894193988293e-05
2.278942847624421120e-03
4.708220658358186483e-04
7.636252790689468384e-03
6.852246006019413471e-04
1.247902307659387589e-02
1.131801400333642960e-03
2.116517716785892844e-04
1.252884976565837860e-03
1.187614907394163311e-05
4.606690708897076547e-05
3.669808211270719767e-04
7.230087067000567913e-04
1.764683111105114222e-04
3.159597981721162796e-04
7.445639930665493011e-04
1.719542196951806545e-04
7.093427702784538269e-04
6.882861489430069923e-04
3.106320509687066078e-04
6.248624413274228573e-04
4.296771658118814230e-04
