3.800640255212783813e-02
5.849400535225868225e-02
5.955179035663604736e-02
8.080902099609375000e-01
2.964208722114562988e-01
2.049116343259811401e-01
2.182941287755966187e-01
2.643100451678037643e-03
3.671567887067794800e-02
2.405898571014404297e-01
2.997079491615295410e-02
2.223896794021129608e-03
9.510196396149694920e-04
9.739079475402832031e-01
2.221360057592391968e-01
1.513500604778528214e-02
9.968949556350708008e-01
8.506466746330261230e-01
1.035651098936796188e-02
9.866234660148620605e-01
3.039231300354003906e-01
2.019226923584938049e-02
5.463739391416311264e-03
4.809688776731491089e-03
2.470970004796981812e-01
5.923565477132797241e-02
9.953908920288085938e-01
8.039098978042602539e-02
5.235353019088506699e-03
9.608313441276550293e-01
4.358952119946479797e-02
3.245195373892784119e-02
3.077916568145155907e-03
9.131187200546264648e-02
2.068186402320861816e-01
9.702916741371154785e-01
6.477815657854080200e-02
2.418076060712337494e-02
8.316826224327087402e-01
7.441228628158569336e-01
1.538037694990634918e-02
5.345405340194702148e-01
1.732436716556549072e-01
7.014039903879165649e-02
2.412610799074172974e-01
9.560794830322265625e-01
5.948526784777641296e-03
2.396518439054489136e-01
4.432002007961273193e-01
9.984649419784545898e-01
1.310996990650892258e-02
9.302755817770957947e-03
8.865092396736145020e-01
1.696375943720340729e-02
9.131187200546264648e-02
1.151526812463998795e-02
5.789626836776733398e-01
1.631115749478340149e-02
5.742153525352478027e-01
5.255452822893857956e-03
1.173564717173576355e-01
1.607373170554637909e-02
8.287535905838012695e-01
1.308265328407287598e-02
8.096519857645034790e-02
3.862180281430482864e-03
3.361481055617332458e-02
7.272130344063043594e-03
2.055653184652328491e-01
2.891655638813972473e-02
9.745197743177413940e-02
1.510589569807052612e-02
7.458761334419250488e-02
1.381489448249340057e-03
1.063482612371444702e-01
7.048525661230087280e-02
1.178187280893325806e-01
2.159735449822619557e-04
1.132586225867271423e-01
4.735887981951236725e-03
9.419020414352416992e-01
9.186689741909503937e-03
1.065868884325027466e-02
9.823655709624290466e-03
6.315936893224716187e-02
1.292148791253566742e-02
1.082870271056890488e-02
3.325033485889434814e-01
5.791754722595214844e-01
1.668032407760620117e-01
7.398602366447448730e-01
5.536512471735477448e-03
1.021443028002977371e-02
8.370789885520935059e-01
1.516042463481426239e-02
1.634831726551055908e-02
1.812932640314102173e-02
8.528454899787902832e-01
1.206220164895057678e-01
9.983329176902770996e-01
1.062627881765365601e-02
9.131187200546264648e-02
4.210275411605834961e-02
3.737519681453704834e-01
3.567693531513214111e-01
1.840186491608619690e-02
1.613779924809932709e-02
6.518233567476272583e-02
1.003691833466291428e-02
9.319189004600048065e-03
4.543615505099296570e-03
9.856465458869934082e-02
8.371601700782775879e-01
1.865149103105068207e-02
2.086717486381530762e-01
7.527524232864379883e-02
8.676097393035888672e-01
1.616873405873775482e-02
2.970680070575326681e-04
9.529738686978816986e-03
1.205089874565601349e-02
1.846546232700347900e-01
9.131187200546264648e-02
1.195939779281616211e-01
1.302103400230407715e-01
8.024007678031921387e-01
9.955238103866577148e-01
1.844017533585429192e-03
4.663604777306318283e-03
1.858531497418880463e-02
3.651655614376068115e-01
6.816749274730682373e-02
1.545351115055382252e-03
5.164604783058166504e-01
8.207767605781555176e-01
4.938508570194244385e-01
5.285706371068954468e-03
3.479501605033874512e-02
1.136435661464929581e-02
3.038709461688995361e-01
3.876964747905731201e-02
4.885498434305191040e-02
5.048869643360376358e-03
1.720089465379714966e-01
8.429513871669769287e-02
3.940355777740478516e-02
2.587042003870010376e-02
2.381230238825082779e-03
8.340919762849807739e-02
1.989901624619960785e-02
2.133339177817106247e-03
5.742510315030813217e-03
9.651102423667907715e-01
6.378965917974710464e-03
8.508677482604980469e-01
1.295811682939529419e-01
3.624024987220764160e-02
3.552961647510528564e-01
6.402266621589660645e-01
8.576636314392089844e-01
6.174175739288330078e-01
1.672233268618583679e-02
3.381205350160598755e-02
9.701629281044006348e-01
9.278515353798866272e-03
3.404340473935008049e-03
7.527215406298637390e-03
8.710719645023345947e-02
6.627362966537475586e-02
9.936172962188720703e-01
4.095299169421195984e-02
1.159551832824945450e-02
3.724728897213935852e-02
9.755654335021972656e-01
5.407238006591796875e-01
5.911605358123779297e-01
3.777305036783218384e-02
2.225242257118225098e-01
4.959066584706306458e-02
4.264815244823694229e-03
9.349457174539566040e-02
8.361442014575004578e-04
6.121078133583068848e-02
2.438721014186739922e-03
4.964575171470642090e-03
3.822308778762817383e-02
3.374937688931822777e-03
5.957430601119995117e-01
4.170064628124237061e-01
1.332226246595382690e-01
1.819515079259872437e-01
5.071089137345552444e-03
1.275455653667449951e-01
1.886295713484287262e-02
1.820829324424266815e-02
1.597957313060760498e-02
4.920290783047676086e-03
5.239428952336311340e-03
8.043251931667327881e-02
2.104619925376027822e-04
4.673388600349426270e-01
4.964575171470642090e-03
9.471749067306518555e-01
1.011694036424160004e-02
3.641871213912963867e-01
5.759279243648052216e-03
1.200651079416275024e-01
1.434850227087736130e-02
4.778947681188583374e-02
3.413590369746088982e-03
2.482460290193557739e-01
6.515067219734191895e-01
9.920682907104492188e-01
3.790975809097290039e-01
1.053921598941087723e-02
5.782853439450263977e-02
9.953759908676147461e-01
1.700152643024921417e-02
3.518335055559873581e-03
1.557829529047012329e-01
7.438883185386657715e-02
3.606301248073577881e-01
8.222830891609191895e-01
5.000256001949310303e-03
2.006801590323448181e-02
5.548774078488349915e-02
6.466743350028991699e-02
9.610162377357482910e-01
3.526921272277832031e-01
6.349799036979675293e-01
7.585147619247436523e-01
2.704334072768688202e-02
1.029635546728968620e-03
1.719556003808975220e-01
6.398361325263977051e-01
1.829610019922256470e-02
1.974006742238998413e-02
2.396518439054489136e-01
9.970313310623168945e-01
9.424854516983032227e-01
2.288001328706741333e-01
3.098459839820861816e-01
1.438229577615857124e-03
3.728041891008615494e-03
4.098217468708753586e-04
8.474656939506530762e-01
4.402234405279159546e-02
1.820440590381622314e-02
1.039218623191118240e-02
1.277113915421068668e-03
5.782516598701477051e-01
8.802462369203567505e-03
9.410505183041095734e-03
9.975695013999938965e-01
5.406316835433244705e-03
2.009240090847015381e-01
5.083337891846895218e-04
1.111181825399398804e-02
9.908292293548583984e-01
1.195081993937492371e-01
1.275455653667449951e-01
6.841341853141784668e-01
4.049029573798179626e-02
5.041350796818733215e-02
9.503663517534732819e-03
6.171967834234237671e-02
2.205263823270797729e-02
3.007316589355468750e-01
9.560794830322265625e-01
2.821891009807586670e-01
7.129696197807788849e-03
9.402281790971755981e-02
2.268981916131451726e-04
6.143130827695131302e-03
3.708146139979362488e-02
5.644875764846801758e-01
8.958565592765808105e-01
2.237913385033607483e-02
3.302836045622825623e-02
2.351860851049423218e-01
9.885112047195434570e-01
2.407151274383068085e-02
2.190347611904144287e-01
1.980918087065219879e-02
3.686199486255645752e-01
3.974251449108123779e-04
1.774208061397075653e-02
2.281021028757095337e-01
2.304748594760894775e-01
1.452391385100781918e-03
1.224202662706375122e-02
2.101172357797622681e-01
1.465010643005371094e-02
6.106084212660789490e-03
1.056935936212539673e-01
3.015497326850891113e-01
1.310996990650892258e-02
9.131187200546264648e-02
5.577574968338012695e-01
8.826205134391784668e-01
6.559582834597676992e-05
1.067349780350923538e-02
1.907828077673912048e-02
9.060223586857318878e-03
2.168549448251724243e-01
1.735591143369674683e-02
2.538306415081024170e-01
1.263542622327804565e-01
3.414527177810668945e-01
5.170352384448051453e-02
5.307666491717100143e-03
6.521940827369689941e-01
3.515630215406417847e-02
1.182734128087759018e-02
1.398407369852066040e-01
9.457768201828002930e-01
9.000073075294494629e-01
3.794690361246466637e-03
1.000914722681045532e-02
9.167661070823669434e-01
3.335391879081726074e-01
2.214460968971252441e-01
2.921638488769531250e-01
9.489381313323974609e-02
8.706607855856418610e-03
1.051596626639366150e-01
1.015127077698707581e-02
9.954304695129394531e-01
1.744856312870979309e-02
1.270043943077325821e-02
6.515067219734191895e-01
7.945795659907162189e-04
1.773718744516372681e-02
6.046983413398265839e-03
1.263037417083978653e-02
2.181425370508804917e-04
1.751370429992675781e-01
4.228851199150085449e-01
2.336193248629570007e-02
4.273835122585296631e-01
5.178740248084068298e-03
4.591011255979537964e-02
1.007138863205909729e-01
7.592028123326599598e-05
4.597437102347612381e-03
7.792508602142333984e-02
2.643100451678037643e-03
8.150111883878707886e-03
3.471396565437316895e-01
2.364001236855983734e-03
4.590864479541778564e-01
1.341217476874589920e-02
2.182941287755966187e-01
3.554195538163185120e-02
1.074410676956176758e-01
7.438883185386657715e-02
9.016585350036621094e-02
5.265457034111022949e-01
2.325010113418102264e-02
1.123810485005378723e-01
5.858543142676353455e-02
7.478830814361572266e-01
9.666102938354015350e-03
4.657820973079651594e-04
3.187728812918066978e-03
1.490467111580073833e-03
1.568134059198200703e-03
9.771897643804550171e-02
5.742510315030813217e-03
3.891423402819782495e-04
2.149507962167263031e-02
1.415202170610427856e-01
2.342532388865947723e-03
8.782257325947284698e-03
4.396491218358278275e-03
9.062015265226364136e-02
1.633654697798192501e-03
1.268612891435623169e-01
1.681874564383178949e-04
5.966746807098388672e-02
4.945141699863597751e-05
5.912232678383588791e-03
1.520085185766220093e-01
2.147522866725921631e-01
6.181066855788230896e-02
2.877388760680332780e-05
9.406111203134059906e-03
1.829352229833602905e-01
1.586261391639709473e-02
5.960892513394355774e-02
4.836130887269973755e-02
7.010553235886618495e-05
1.962208300828933716e-01
3.428536280989646912e-02
2.597280591726303101e-02
7.478519342839717865e-03
7.863709703087806702e-03
3.287933766841888428e-01
7.810221519321203232e-03
8.745741844177246094e-01
9.693229198455810547e-01
1.159551832824945450e-02
3.723101615905761719e-01
4.023726657032966614e-02
3.782856510952115059e-04
1.700644940137863159e-02
6.854063868522644043e-01
1.382553577423095703e-01
9.420809149742126465e-01
9.131187200546264648e-02
1.131770312786102295e-01
1.142569584771990776e-03
7.053647190332412720e-02
1.743244123645126820e-03
2.924643829464912415e-02
1.928731352090835571e-01
6.763926707208156586e-03
2.849187515676021576e-02
9.803950190544128418e-01
2.242506109178066254e-02
2.038803324103355408e-02
1.000816076993942261e-01
2.721688011661171913e-03
1.486427616328001022e-02
1.418385840952396393e-02
3.239828348159790039e-02
1.520085185766220093e-01
3.677227720618247986e-02
5.810199771076440811e-03
3.088350966572761536e-02
9.863016605377197266e-01
2.205208875238895416e-02
5.463920831680297852e-01
4.984990358352661133e-01
5.882107093930244446e-02
2.473336178809404373e-03
1.072829887270927429e-01
9.970299899578094482e-02
4.074079915881156921e-03
9.692766666412353516e-01
9.975748509168624878e-02
3.545075654983520508e-01
1.029158979654312134e-01
4.809688776731491089e-03
2.898979233577847481e-03
2.695449069142341614e-02
6.226848345249891281e-04
9.803950190544128418e-01
3.088350966572761536e-02
1.616873405873775482e-02
7.478830814361572266e-01
4.849439021199941635e-03
1.323633920401334763e-02
1.288401782512664795e-01
1.152913272380828857e-02
8.528454899787902832e-01
4.228999372571706772e-03
3.942614793777465820e-02
2.662137150764465332e-02
3.940146882086992264e-03
5.753520131111145020e-02
8.950217962265014648e-01
2.616523019969463348e-02
2.632218003273010254e-01
6.130291614681482315e-03
1.959609985351562500e-01
1.815782487392425537e-02
2.208102494478225708e-01
1.578330434858798981e-02
9.690878987312316895e-01
1.554720103740692139e-01
3.736414760351181030e-02
1.038136035203933716e-01
1.369123253971338272e-02
8.207767605781555176e-01
5.244287662208080292e-03
3.517432603985071182e-03
9.845550656318664551e-01
8.452009409666061401e-02
8.126379107125103474e-04
1.341095473617315292e-02
2.168566882610321045e-01
7.380604802165180445e-05
4.074223712086677551e-02
3.592202961444854736e-01
1.251725107431411743e-01
2.261048555374145508e-02
4.814411222469061613e-04
1.697788573801517487e-02
8.371601700782775879e-01
1.842983625829219818e-02
1.021443028002977371e-02
1.287259068340063095e-02
1.331100426614284515e-02
4.263948276638984680e-02
4.089661836624145508e-01
8.999220132827758789e-01
9.748178720474243164e-02
1.056519895792007446e-02
9.372110962867736816e-01
7.250289432704448700e-03
9.340184330940246582e-01
1.874301731586456299e-01
7.945795659907162189e-04
6.486384570598602295e-02
4.831929877400398254e-02
3.913398087024688721e-01
4.209670126438140869e-01
1.578224636614322662e-02
8.405845612287521362e-03
3.440006375312805176e-01
9.975188970565795898e-01
3.315284848213195801e-01
8.495653979480266571e-03
2.684533223509788513e-02
5.796359777450561523e-01
6.121078133583068848e-02
1.375867426395416260e-01
2.234006375074386597e-01
9.927034378051757812e-01
3.138507604598999023e-01
1.000816076993942261e-01
9.845550656318664551e-01
1.205089874565601349e-02
2.147658467292785645e-01
4.801729619503021240e-01
9.388517141342163086e-01
1.912784791784361005e-04
3.140995502471923828e-01
4.779179580509662628e-03
3.529576584696769714e-02
9.172723628580570221e-03
1.962208300828933716e-01
8.557499051094055176e-01
6.368730682879686356e-03
9.799525141716003418e-01
2.769710682332515717e-02
4.050610214471817017e-02
6.005465388298034668e-01
5.324668809771537781e-02
1.168528106063604355e-02
1.029158979654312134e-01
8.883718848228454590e-01
9.564952850341796875e-01
1.856948365457355976e-03
3.837923752143979073e-03
1.739419624209403992e-02
2.678753342479467392e-03
1.614042790606617928e-03
2.217251248657703400e-02
9.858864545822143555e-01
9.149094112217426300e-03
1.709047210169956088e-04
1.995452344417572021e-01
3.543311730027198792e-02
7.242425084114074707e-01
1.418385840952396393e-02
3.449302911758422852e-01
2.045377902686595917e-02
9.895523190498352051e-01
6.792745087295770645e-03
2.104619925376027822e-04
5.244287662208080292e-03
3.066516015678644180e-03
9.205403327941894531e-01
4.447392653673887253e-03
7.701782509684562683e-03
7.906132377684116364e-03
3.164868801832199097e-03
1.528367400169372559e-01
6.915622949600219727e-02
9.837793707847595215e-01
1.054175049066543579e-01
5.785493645817041397e-03
