9.255395707441493869e-05 4.912134318146854639e-05 8.684050408191978931e-04 9.968949556350708008e-01 1.875366579042747617e-04 7.133058970794081688e-04 1.194097334519028664e-03
7.052178843878209591e-04 3.530411049723625183e-05 1.144721452146768570e-02 1.545351115055382252e-03 2.988958917558193207e-02 5.717687890864908695e-04 9.558055400848388672e-01
4.207288147881627083e-04 1.917843474075198174e-04 8.946181535720825195e-01 6.121078133583068848e-02 3.368860576301813126e-03 1.705378852784633636e-02 2.313600108027458191e-02
3.130653407424688339e-03 2.395110903307795525e-03 5.037047341465950012e-02 3.526921272277832031e-01 5.488476753234863281e-01 1.623063720762729645e-02 2.633336745202541351e-02
1.633628737181425095e-03 3.078192239627242088e-04 6.358139961957931519e-02 1.980918087065219879e-02 1.669425368309020996e-01 6.144841201603412628e-03 7.415805459022521973e-01
9.310067445039749146e-02 2.427057828754186630e-03 9.230837225914001465e-02 9.131187200546264648e-02 1.317838877439498901e-01 1.459210086613893509e-02 5.744761228561401367e-01
4.069954156875610352e-03 4.787540528923273087e-03 5.360721424221992493e-02 6.515067219734191895e-01 2.466522753238677979e-01 2.095085009932518005e-02 1.842541061341762543e-02
2.943506406154483557e-04 1.733313401928171515e-04 9.453044533729553223e-01 4.396491218358278275e-03 4.901149310171604156e-03 4.311677068471908569e-02 1.813376904465258121e-03
2.951263217255473137e-03 1.530818524770438671e-03 5.788061022758483887e-01 1.000816076993942261e-01 1.857182383537292480e-01 5.893525481224060059e-02 7.197661697864532471e-02
3.452803939580917358e-03 7.628371240571141243e-04 1.342075914144515991e-01 2.695449069142341614e-02 1.847684197127819061e-02 2.946523129940032959e-01 5.214931368827819824e-01
