4.724914729595184326e-01
1.934702992439270020e-01
9.258264303207397461e-01
1.296506673097610474e-01
2.647768519818782806e-02
7.706706523895263672e-01
3.877714276313781738e-01
9.877638220787048340e-01
6.705967243760824203e-04
6.324941515922546387e-01
9.305570721626281738e-01
9.293096661567687988e-01
8.294633030891418457e-01
3.685830859467387199e-03
6.754211187362670898e-01
7.603303194046020508e-01
8.684050408191978931e-04
2.140174852684140205e-03
9.475058913230895996e-01
8.221061580115929246e-05
5.168641731142997742e-02
3.169044256210327148e-01
1.227325294166803360e-02
9.628014564514160156e-01
4.908562600612640381e-01
8.297143578529357910e-01
2.535570529289543629e-04
6.713398098945617676e-01
1.279100775718688965e-01
6.407664623111486435e-04
1.459268038161098957e-03
2.822571992874145508e-01
1.778550297021865845e-01
9.230837225914001465e-02
5.602669715881347656e-01
1.835010480135679245e-04
8.615439534187316895e-01
9.307033419609069824e-01
1.421385258436203003e-01
5.814626812934875488e-02
9.099802002310752869e-03
1.363057792186737061e-01
9.889162331819534302e-02
2.684032618999481201e-01
4.107096791267395020e-01
2.031913213431835175e-02
1.051453053951263428e-01
6.115152239799499512e-01
1.600350588560104370e-01
5.633568507619202137e-04
8.600402474403381348e-01
9.602648615837097168e-01
6.021728739142417908e-02
9.521321654319763184e-01
9.230837225914001465e-02
8.958398103713989258e-01
6.269407272338867188e-02
9.616754055023193359e-01
3.057017736136913300e-02
1.179375965148210526e-02
7.449862957000732422e-01
9.285603761672973633e-01
4.596946761012077332e-03
9.070035219192504883e-01
1.351567953824996948e-01
9.734020829200744629e-01
9.882365912199020386e-02
9.502410292625427246e-01
2.991399466991424561e-01
5.875242352485656738e-01
6.279138326644897461e-01
1.723974384367465973e-02
6.538286209106445312e-01
9.533233046531677246e-01
5.059549212455749512e-01
8.744103908538818359e-01
5.047071725130081177e-02
9.932695031166076660e-01
4.725423157215118408e-01
8.913831710815429688e-01
3.826688916888087988e-04
9.633772969245910645e-01
6.773572564125061035e-01
8.826757669448852539e-01
5.962998270988464355e-01
3.934186417609453201e-03
9.817110300064086914e-01
3.589832782745361328e-01
6.987405475229024887e-03
7.959595322608947754e-01
4.752907902002334595e-02
9.193773865699768066e-01
2.379043996334075928e-01
2.436261251568794250e-02
7.208273410797119141e-01
8.471911549568176270e-01
2.985775936394929886e-04
9.982009232044219971e-02
6.117499470710754395e-01
2.498041612852830440e-05
6.599479913711547852e-01
9.230837225914001465e-02
8.392663598060607910e-01
5.471744388341903687e-02
6.227889657020568848e-01
7.678152918815612793e-01
9.648721218109130859e-01
8.429743647575378418e-01
9.027741551399230957e-01
8.681036233901977539e-01
2.560591101646423340e-01
7.936311364173889160e-01
7.041095942258834839e-02
2.717978088185191154e-03
4.786190390586853027e-02
2.945059239864349365e-01
8.645296911709010601e-04
3.257667422294616699e-01
9.838002324104309082e-01
2.467018216848373413e-01
9.548510313034057617e-01
6.841330323368310928e-04
9.230837225914001465e-02
6.715407967567443848e-01
5.068253278732299805e-01
1.610900461673736572e-01
5.479956744238734245e-04
8.304297924041748047e-01
9.346536397933959961e-01
9.351958036422729492e-01
2.353632450103759766e-01
9.156951308250427246e-01
1.144721452146768570e-02
1.558673288673162460e-02
2.160889469087123871e-02
4.804095327854156494e-01
8.881301879882812500e-01
6.590980887413024902e-01
1.525188679806888103e-03
5.210438743233680725e-02
1.771842241287231445e-01
8.652773499488830566e-01
7.740338444709777832e-01
8.024340867996215820e-01
8.649303317070007324e-01
9.418309926986694336e-01
8.811981678009033203e-01
9.815483689308166504e-01
5.771675705909729004e-02
7.727903723716735840e-01
9.694807231426239014e-02
8.505110740661621094e-01
2.096306416206061840e-04
4.759247303009033203e-01
1.933770603500306606e-03
7.837358862161636353e-03
7.107080817222595215e-01
3.019050657749176025e-01
3.577498253434896469e-03
1.934175007045269012e-02
2.061650529503822327e-02
9.285517334938049316e-01
4.811261296272277832e-01
1.236000563949346542e-03
8.153515458106994629e-01
1.717829890549182892e-02
7.444499731063842773e-01
6.357061862945556641e-01
6.060251500457525253e-03
3.636433393694460392e-04
2.184041589498519897e-02
9.554496407508850098e-01
5.781383514404296875e-01
2.240339381387457252e-04
5.285970121622085571e-02
1.159418076276779175e-01
1.884650290012359619e-01
5.316758751869201660e-01
4.518896937370300293e-01
9.186988472938537598e-01
7.790761590003967285e-01
9.896318912506103516e-01
8.946181535720825195e-01
1.201667040586471558e-01
9.306319952011108398e-01
6.347363814711570740e-04
1.707558147609233856e-02
5.367795820347964764e-04
6.498412787914276123e-02
7.752066254615783691e-01
3.581155240535736084e-01
9.847843647003173828e-01
5.623865127563476562e-01
1.009006705135107040e-02
8.333582878112792969e-01
8.984312415122985840e-02
9.613858461380004883e-01
8.369474411010742188e-01
6.710420250892639160e-01
9.982069730758666992e-01
2.369859367609024048e-01
9.306319952011108398e-01
9.767954470589756966e-04
9.519979357719421387e-01
4.889209941029548645e-02
8.379066586494445801e-01
5.682141780853271484e-01
2.579789161682128906e-01
9.136103987693786621e-01
2.636147141456604004e-01
7.421608269214630127e-02
5.360721424221992493e-02
4.670045804232358932e-03
5.214425325393676758e-01
5.403313320130109787e-03
7.663645744323730469e-01
7.517361664213240147e-04
6.977041363716125488e-01
9.866831898689270020e-01
4.681797623634338379e-01
4.642292559146881104e-01
1.659825295209884644e-01
6.548885256052017212e-02
9.849136471748352051e-01
7.653934359550476074e-01
1.102648898959159851e-01
8.895757794380187988e-01
5.472862627357244492e-03
5.037047341465950012e-02
5.788299068808555603e-02
2.146658003330230713e-01
2.433597296476364136e-02
9.748854041099548340e-01
4.263668321073055267e-03
4.114719573408365250e-03
1.113860867917537689e-02
7.848330736160278320e-01
6.115152239799499512e-01
1.364287803880870342e-03
8.857010398060083389e-04
2.488034404814243317e-02
3.187658786773681641e-01
9.162634611129760742e-01
9.744239449501037598e-01
9.904884099960327148e-01
2.401070669293403625e-02
2.163127763196825981e-03
1.745760738849639893e-01
5.764980316162109375e-01
9.809045195579528809e-01
5.113270599395036697e-04
8.206449151039123535e-01
8.804425001144409180e-01
3.013408604601863772e-05
7.355090379714965820e-01
1.272948086261749268e-01
9.900021553039550781e-01
3.358190180733799934e-03
5.174349993467330933e-03
5.672239661216735840e-01
5.623865127563476562e-01
8.905903086997568607e-04
2.097528241574764252e-02
5.854099988937377930e-01
9.357002377510070801e-01
9.237242937088012695e-01
2.322630435228347778e-01
3.109135031700134277e-01
2.031913213431835175e-02
3.367471396923065186e-01
5.791562199592590332e-01
4.751656055450439453e-01
9.961016178131103516e-01
8.335278630256652832e-01
6.830285191535949707e-01
1.067499443888664246e-01
8.437063544988632202e-03
2.643273174762725830e-01
6.935339570045471191e-01
6.141993217170238495e-04
5.106374155730009079e-04
8.630293607711791992e-01
4.989188611507415771e-01
6.358139961957931519e-02
4.219671711325645447e-03
9.872568845748901367e-01
9.630623459815979004e-01
3.792696446180343628e-02
1.687175482511520386e-01
7.476146519184112549e-02
6.329569220542907715e-02
5.270339250564575195e-01
9.387440085411071777e-01
2.687668893486261368e-03
6.913272142410278320e-01
3.616721630096435547e-01
8.600402474403381348e-01
9.230837225914001465e-02
1.159893497824668884e-01
4.671820788644254208e-04
9.967157840728759766e-01
8.994898200035095215e-01
1.659374684095382690e-01
8.389700055122375488e-01
3.926553726196289062e-01
9.350770711898803711e-01
7.961690425872802734e-02
2.646429836750030518e-02
1.372620463371276855e-02
4.120336472988128662e-01
4.653848707675933838e-01
5.590113345533609390e-03
1.220024451613426208e-01
9.746299982070922852e-01
3.420888781547546387e-01
1.322768162935972214e-03
3.180433763191103935e-03
9.921058416366577148e-01
9.562470316886901855e-01
5.384117737412452698e-02
4.911329224705696106e-02
6.620175242424011230e-01
5.280164480209350586e-01
5.055196955800056458e-02
4.565701484680175781e-01
3.609152138233184814e-01
6.071589887142181396e-03
2.858990919776260853e-04
6.354749798774719238e-01
1.677723675966262817e-01
5.360721424221992493e-02
9.901537299156188965e-01
7.960808277130126953e-01
6.380769014358520508e-01
8.867750167846679688e-01
9.963909983634948730e-01
7.219082117080688477e-01
4.097286611795425415e-03
3.972823917865753174e-02
4.980400502681732178e-01
8.644652962684631348e-01
7.856842279434204102e-01
3.285937607288360596e-01
9.976251721382141113e-01
6.938084959983825684e-01
7.852899432182312012e-01
9.877638220787048340e-01
9.117040634155273438e-01
2.473822608590126038e-02
7.682412266731262207e-01
7.765487534925341606e-04
2.685583531856536865e-01
3.877714276313781738e-01
6.671099066734313965e-01
1.328572351485490799e-02
4.642292559146881104e-01
7.398061156272888184e-01
4.122808277606964111e-01
6.904253959655761719e-01
7.870619893074035645e-01
9.208076000213623047e-01
1.885969042778015137e-01
1.084758937358856201e-01
9.676944017410278320e-01
9.711011648178100586e-01
9.536878019571304321e-02
8.963122367858886719e-01
3.606159985065460205e-01
8.505110740661621094e-01
9.876712560653686523e-01
2.246767580509185791e-01
4.460580646991729736e-01
2.845301106572151184e-02
1.097278222441673279e-01
9.453044533729553223e-01
7.028503417968750000e-01
8.881985545158386230e-01
7.739779353141784668e-01
9.818395376205444336e-01
8.167609572410583496e-01
9.977027773857116699e-01
8.500862121582031250e-01
2.515167295932769775e-01
1.492244452238082886e-01
5.616411566734313965e-01
9.990782737731933594e-01
6.736902520060539246e-03
5.483592976815998554e-04
7.777890563011169434e-01
5.894106030464172363e-01
9.127689599990844727e-01
9.994261264801025391e-01
5.303687453269958496e-01
1.825244128704071045e-01
8.837576508522033691e-01
8.983479738235473633e-01
9.026947021484375000e-01
6.250546574592590332e-01
9.515388011932373047e-01
2.963476348668336868e-03
3.859745047520846128e-04
9.554496407508850098e-01
1.061842776834964752e-02
1.420920016244053841e-03
9.920802712440490723e-01
5.876050591468811035e-01
6.148771569132804871e-02
1.404277235269546509e-01
1.259299460798501968e-03
9.230837225914001465e-02
3.493930995464324951e-01
9.900119900703430176e-01
2.945772409439086914e-01
9.885536432266235352e-01
1.078462810255587101e-03
3.258049488067626953e-02
7.485813498497009277e-01
2.433167397975921631e-02
6.088667432777583599e-04
6.097722426056861877e-02
8.208832740783691406e-01
5.788061022758483887e-01
9.753440022468566895e-01
8.173477053642272949e-01
2.571244835853576660e-01
4.066711366176605225e-01
2.515167295932769775e-01
6.750948429107666016e-01
9.772120118141174316e-01
9.605268836021423340e-01
5.714757367968559265e-03
2.348007168620824814e-03
2.372600603848695755e-03
1.929754205048084259e-02
9.203184843063354492e-01
9.569303989410400391e-01
4.758529365062713623e-01
6.142191290855407715e-01
6.528560519218444824e-01
1.470914343371987343e-03
9.995434433221817017e-03
4.180973395705223083e-03
6.718625426292419434e-01
9.628014564514160156e-01
9.691773653030395508e-01
1.342075914144515991e-01
9.876784682273864746e-01
6.088667432777583599e-04
9.605268836021423340e-01
3.257667422294616699e-01
1.885969042778015137e-01
8.781506419181823730e-01
1.176566332578659058e-01
5.101397037506103516e-01
3.658802807331085205e-01
9.982009232044219971e-02
8.440984487533569336e-01
7.980733513832092285e-01
2.851204872131347656e-01
9.894157648086547852e-01
7.668498158454895020e-01
3.397992579266428947e-03
6.704748868942260742e-01
6.782520413398742676e-01
8.262094855308532715e-01
6.152603891678154469e-04
7.660282254219055176e-01
5.400106906890869141e-01
2.697312505915760994e-03
3.662495873868465424e-04
6.361863925121724606e-04
6.827796697616577148e-01
3.691848516464233398e-01
5.012389644980430603e-02
2.160889469087123871e-02
9.785252213478088379e-01
9.866653680801391602e-01
5.555657480726949871e-05
3.285876289010047913e-02
9.802107214927673340e-01
5.963471718132495880e-03
2.965367138385772705e-01
9.958702921867370605e-01
8.746772408485412598e-01
4.130924940109252930e-01
3.244553804397583008e-01
3.469118848443031311e-02
9.981612563133239746e-01
5.978981256484985352e-01
7.041095942258834839e-02
9.602958559989929199e-01
2.379043996334075928e-01
9.576198458671569824e-01
7.803898304700851440e-02
8.172935247421264648e-02
3.743441402912139893e-01
7.105069607496261597e-02
2.837525904178619385e-01
9.006441831588745117e-01
1.018431689590215683e-02
9.510029554367065430e-01
9.845283348113298416e-04
1.678145825862884521e-01
9.901537299156188965e-01
5.979893803596496582e-01
2.700065076351165771e-01
1.266940832138061523e-01
3.467222452163696289e-01
3.331103026866912842e-01
7.436953783035278320e-01
7.263121078722178936e-04
4.512720624916255474e-05
3.274534046649932861e-01
9.686934351921081543e-01
9.450652599334716797e-01
6.863113492727279663e-02
8.946181535720825195e-01
6.202669143676757812e-01
1.801549941301345825e-01
1.186615671031177044e-03
1.370383240282535553e-02
5.788061022758483887e-01
5.555657480726949871e-05
9.548510313034057617e-01
3.100174963474273682e-01
4.493597953114658594e-04
9.529427625238895416e-03
9.960907101631164551e-01
1.362525485455989838e-02
9.457768797874450684e-01
1.248785704374313354e-01
8.868597745895385742e-01
5.303687453269958496e-01
5.133990198373794556e-02
9.819107651710510254e-01
1.663099043071269989e-02
8.125495314598083496e-01
3.045959630981087685e-03
1.032476648688316345e-01
1.088163163512945175e-02
1.867469251155853271e-01
6.718625426292419434e-01
9.171938872896134853e-04
2.955069579184055328e-02
1.520035415887832642e-02
8.823200315237045288e-02
8.497976064682006836e-01
9.268460869789123535e-01
9.809848070144653320e-01
2.376797609031200409e-03
5.897709634155035019e-03
8.845461010932922363e-01
9.813288450241088867e-01
6.249161958694458008e-01
9.292804598808288574e-01
1.131904660724103451e-03
2.571244835853576660e-01
1.965560484677553177e-03
9.568085074424743652e-01
4.186948295682668686e-03
8.003936409950256348e-01
9.982069730758666992e-01
9.785252213478088379e-01
9.563668370246887207e-01
5.751565471291542053e-02
9.446840286254882812e-01
4.411177933216094971e-01
9.510436058044433594e-01
9.559419751167297363e-01
7.101086974143981934e-01
6.999924182891845703e-01
8.208471117541193962e-04
1.050638183951377869e-01
7.020806670188903809e-01
