3.447791934013366699e-02
1.184558123350143433e-02
3.002575365826487541e-03
1.977569237351417542e-02
9.614950045943260193e-03
1.511827670037746429e-02
5.718953907489776611e-02
2.280681859701871872e-03
2.188158687204122543e-03
3.723583370447158813e-02
5.952208768576383591e-03
3.046681871637701988e-03
1.495609758421778679e-03
3.863734309561550617e-04
6.240819767117500305e-02
3.787647932767868042e-02
7.133058970794081688e-04
9.779344312846660614e-03
2.035906724631786346e-02
5.970768397673964500e-04
2.640071809291839600e-01
5.417465232312679291e-03
1.792265218682587147e-03
1.832680404186248779e-02
2.934328513219952583e-03
1.050585042685270309e-02
4.965935950167477131e-04
1.562719978392124176e-02
2.215338172391057014e-03
2.936954144388437271e-03
1.246484275907278061e-02
1.103306263685226440e-01
3.786412533372640610e-03
1.459210086613893509e-02
6.411874294281005859e-02
1.874559908173978329e-03
1.060128025710582733e-02
7.405455689877271652e-04
1.203060988336801529e-02
5.440967902541160583e-02
3.338425187394022942e-03
1.274404376745223999e-01
7.637080270797014236e-03
2.970786765217781067e-03
2.075598016381263733e-02
6.622164044529199600e-03
1.170171424746513367e-03
8.132485300302505493e-02
2.897142767906188965e-01
6.078190053813159466e-04
1.457170466892421246e-03
1.124387793242931366e-02
1.760874874889850616e-02
2.646018518134951591e-03
1.459210086613893509e-02
2.859566174447536469e-02
6.977591197937726974e-03
5.925602279603481293e-03
3.421525284647941589e-02
1.731133554130792618e-03
1.034587621688842773e-01
2.897625043988227844e-02
1.782383886165916920e-03
3.576508164405822754e-02
5.603182315826416016e-02
6.424864288419485092e-03
4.930997267365455627e-03
1.674089394509792328e-02
2.773882150650024414e-01
2.396192997694015503e-01
1.342952717095613480e-02
8.905643480829894543e-04
6.367890536785125732e-02
5.123702809214591980e-03
1.068464890122413635e-01
2.528592757880687714e-02
3.908412065356969833e-03
5.705702933482825756e-04
2.223443239927291870e-02
3.485252847895026207e-03
3.966457210481166840e-03
3.027021419256925583e-03
2.486001234501600266e-03
3.884882666170597076e-03
2.547710761427879333e-02
1.399368047714233398e-03
2.334821969270706177e-03
9.237287938594818115e-02
2.557850675657391548e-03
3.255189955234527588e-02
1.872028340585529804e-03
1.577327400445938110e-02
2.800705656409263611e-02
2.153400890529155731e-02
2.294106930494308472e-01
1.188685819506645203e-01
1.857981644570827484e-02
3.398485481739044189e-02
8.134848624467849731e-02
1.006206948659382761e-04
1.808411814272403717e-02
1.459210086613893509e-02
3.582208603620529175e-02
3.936323150992393494e-02
1.481191162019968033e-02
2.092358283698558807e-02
1.460216287523508072e-02
7.476259768009185791e-02
2.794161671772599220e-03
1.590931555256247520e-03
4.058820661157369614e-03
7.594569027423858643e-02
1.681387983262538910e-02
9.456262341700494289e-04
3.074588952586054802e-03
7.630701363086700439e-02
5.429181735962629318e-03
8.476293645799160004e-03
5.678969318978488445e-04
2.907649381086230278e-03
6.138053722679615021e-03
2.686502970755100250e-02
1.459210086613893509e-02
1.714555919170379639e-01
1.130248606204986572e-01
1.490274071693420410e-02
1.287389604840427637e-04
1.390416990034282207e-03
1.760638132691383362e-02
7.259979029186069965e-04
2.316804528236389160e-01
8.451367728412151337e-03
5.717687890864908695e-04
2.013993263244628906e-02
2.283990848809480667e-03
1.430692896246910095e-02
1.362925861030817032e-02
6.693015247583389282e-02
5.743551533669233322e-03
2.644893229007720947e-01
9.425014257431030273e-02
1.237666513770818710e-02
1.100805355235934258e-03
1.491335220634937286e-02
1.848789677023887634e-02
1.666293665766716003e-02
7.149317860603332520e-02
8.939336985349655151e-03
3.793602110818028450e-03
3.233581408858299255e-02
1.250492990948259830e-03
1.210163459181785583e-01
2.305041300132870674e-03
1.909159007482230663e-03
5.299292388372123241e-04
1.977034658193588257e-02
4.173800721764564514e-02
7.081804424524307251e-02
2.076406218111515045e-02
1.420170906931161880e-02
2.498348802328109741e-02
2.947714878246188164e-03
9.419946931302547455e-03
8.423380204476416111e-04
7.812882540747523308e-04
1.017643604427576065e-03
4.740093834698200226e-03
1.511559635400772095e-02
4.636988043785095215e-02
1.394742721458896995e-04
2.243827795609831810e-03
6.080790422856807709e-03
5.177952349185943604e-03
2.104328013956546783e-03
2.269758284091949463e-02
1.375210732221603394e-01
9.968315809965133667e-02
1.385148167610168457e-01
2.834490835666656494e-01
5.715997540391981602e-04
9.627691656351089478e-02
8.562683360651135445e-04
1.705378852784633636e-02
1.409546588547527790e-03
4.405611194670200348e-03
2.046870533376932144e-03
1.009192550554871559e-03
2.946368604898452759e-02
9.035536646842956543e-02
2.184275351464748383e-02
1.097036525607109070e-02
5.905872210860252380e-03
1.333467513322830200e-01
2.208748366683721542e-03
6.558797322213649750e-03
2.213814528658986092e-03
2.366865240037441254e-02
2.713493071496486664e-03
1.561924628913402557e-02
4.625084693543612957e-05
8.708255365490913391e-03
4.405611194670200348e-03
4.274875682312995195e-04
1.972610317170619965e-02
5.739660188555717468e-02
1.011293474584817886e-02
2.289199978113174438e-01
2.363035921007394791e-03
1.027945894747972488e-02
1.497428049333393574e-03
1.908087730407714844e-02
2.095085009932518005e-02
6.320090033113956451e-04
1.685489341616630554e-02
1.459119957871735096e-03
9.741860628128051758e-02
1.743041648296639323e-04
8.531183004379272461e-03
2.876118756830692291e-03
1.970163881778717041e-01
8.822181820869445801e-02
1.982910372316837311e-02
8.999232202768325806e-03
5.798263475298881531e-03
1.871837377548217773e-01
8.395396173000335693e-02
1.788342185318470001e-02
5.230176029726862907e-04
1.623063720762729645e-02
1.400097273290157318e-02
1.483571901917457581e-02
1.500417012721300125e-02
2.423722064122557640e-03
4.639846272766590118e-03
2.322903461754322052e-02
3.739945241250097752e-04
1.375557929277420044e-01
8.132485300302505493e-02
4.051538999192416668e-04
4.525867290794849396e-03
7.336930371820926666e-03
2.078809738159179688e-01
2.939010737463831902e-03
3.091433783993124962e-03
1.186765730381011963e-04
2.057614549994468689e-02
1.763597596436738968e-03
5.230660438537597656e-01
8.501431904733181000e-03
1.112344302237033844e-02
3.271418437361717224e-02
7.573842303827404976e-04
6.014259532094001770e-03
1.547116698930040002e-04
2.778244903311133385e-03
2.560477145016193390e-02
1.598118251422420144e-04
5.794905591756105423e-03
6.913873949088156223e-04
2.298800200223922729e-01
1.333467513322830200e-01
7.070980034768581390e-03
2.242076676338911057e-03
1.089410558342933655e-01
4.229523614048957825e-02
3.028073115274310112e-03
6.501401774585247040e-03
2.220880240201950073e-02
6.622164044529199600e-03
1.903541386127471924e-02
7.633922155946493149e-03
1.958366334438323975e-01
1.193144198623485863e-04
3.501916537061333656e-03
7.723435014486312866e-02
5.829252768307924271e-03
7.548542693257331848e-03
2.173126637935638428e-01
2.703327685594558716e-02
1.791854947805404663e-02
9.342902922071516514e-04
8.859279006719589233e-02
2.240713536739349365e-01
6.144841201603412628e-03
1.103601232171058655e-02
1.626579905860126019e-03
1.460330188274383545e-02
9.508471935987472534e-03
1.403576880693435669e-01
1.523630460724234581e-03
2.573383506387472153e-03
2.349158562719821930e-02
3.548720479011535645e-02
6.443948368541896343e-04
1.620543934404850006e-02
3.000641427934169769e-02
1.457170466892421246e-03
1.459210086613893509e-02
6.133746355772018433e-03
6.467918865382671356e-03
2.175690460717305541e-04
8.149366080760955811e-02
4.804721772670745850e-01
1.340264976024627686e-01
5.756048113107681274e-02
7.370127364993095398e-03
1.976598240435123444e-02
2.350870072841644287e-01
1.263989950530230999e-03
1.007330492138862610e-01
1.353045552968978882e-02
3.607871709391474724e-03
4.938981309533119202e-02
1.015979982912540436e-02
1.020549461245536804e-01
4.939803038723766804e-04
1.043253764510154724e-02
2.531267935410141945e-03
2.473335713148117065e-02
5.964688025414943695e-03
9.761934168636798859e-03
9.540463797748088837e-03
1.376848388463258743e-02
9.700969606637954712e-02
6.631186604499816895e-02
1.199464872479438782e-02
3.580649499781429768e-04
5.079047987237572670e-04
2.985666096210479736e-01
1.434995699673891068e-02
2.095085009932518005e-02
6.269770208746194839e-03
1.889758370816707611e-02
2.965247957035899162e-03
2.933028340339660645e-02
1.179989048978313804e-04
1.157446950674057007e-02
3.521635197103023529e-03
2.067605778574943542e-02
2.993376925587654114e-02
1.229616929776966572e-03
5.263772234320640564e-02
2.337380200624465942e-01
2.991929068230092525e-04
5.094483494758605957e-03
1.057296097278594971e-01
2.280681859701871872e-03
3.333434090018272400e-02
3.060871362686157227e-01
2.063822746276855469e-02
3.155722096562385559e-02
2.244279235601425171e-01
5.718953907489776611e-02
1.330441329628229141e-02
1.136976759880781174e-03
8.822181820869445801e-02
4.870032519102096558e-02
4.016127809882164001e-02
5.977205187082290649e-02
1.208297628909349442e-02
8.644253946840763092e-03
2.574068494141101837e-02
3.510177833959460258e-03
6.870807264931499958e-04
4.787036683410406113e-03
1.006141188554465771e-03
1.221915124915540218e-03
2.382558286190032959e-01
1.210163459181785583e-01
1.593021908774971962e-03
2.643377287313342094e-03
2.274797111749649048e-02
7.074823952279984951e-04
3.583418903872370720e-03
4.311677068471908569e-02
7.049968093633651733e-02
2.120164455845952034e-03
5.792810022830963135e-02
3.249664732720702887e-04
7.971557974815368652e-02
1.338491565547883511e-04
2.761347405612468719e-02
6.970641762018203735e-02
2.783997915685176849e-02
9.048707783222198486e-02
4.082673331140540540e-05
8.134327363222837448e-04
1.863911561667919159e-02
1.792006045579910278e-01
2.508362382650375366e-02
1.027543470263481140e-02
7.409614045172929764e-05
1.843403279781341553e-01
9.161218255758285522e-02
4.822278767824172974e-02
3.380846697837114334e-03
3.438200801610946655e-03
3.659584000706672668e-02
2.367475302889943123e-03
2.245418494567275047e-03
2.146599581465125084e-03
6.080790422856807709e-03
1.769818947650492191e-03
1.183167565613985062e-02
5.188965005800127983e-04
3.511987160891294479e-03
3.990253061056137085e-02
4.089443385601043701e-02
4.903588443994522095e-03
1.459210086613893509e-02
1.004374306648969650e-02
3.357519744895398617e-04
4.584563896059989929e-02
3.853196103591471910e-04
1.010505296289920807e-02
9.884076565504074097e-02
5.389007925987243652e-02
1.520531065762042999e-02
3.663817478809505701e-04
3.714206069707870483e-02
1.214274987578392029e-01
5.893525481224060059e-02
7.510712835937738419e-03
1.580541394650936127e-02
2.335570985451340675e-03
2.614511642605066299e-03
6.970641762018203735e-02
1.505320542491972446e-03
9.122752584517002106e-03
3.072051797062158585e-03
4.194052424281835556e-03
1.569052925333380699e-03
5.727084353566169739e-03
1.835117465816438198e-03
8.754366077482700348e-03
4.892301512882113457e-04
2.145127579569816589e-02
1.192785874009132385e-01
1.152199460193514824e-03
9.375374647788703442e-04
4.835804924368858337e-03
1.067347172647714615e-02
6.283541023731231689e-02
1.832680404186248779e-02
9.642491117119789124e-03
2.946523129940032959e-01
2.155247930204495788e-04
3.663817478809505701e-04
3.072051797062158585e-03
8.476293645799160004e-03
2.574068494141101837e-02
2.641706261783838272e-03
1.772010885179042816e-02
1.126644089818000793e-01
1.111884601414203644e-02
3.398485481739044189e-02
3.895836183801293373e-03
3.733567893505096436e-02
3.202442526817321777e-01
3.528146073222160339e-03
9.658284485340118408e-02
1.702077314257621765e-02
8.986013941466808319e-03
3.381185606122016907e-02
2.753959037363529205e-03
9.283445542678236961e-04
2.060944214463233948e-02
1.356881856918334961e-01
9.281230159103870392e-04
3.628477687016129494e-03
4.474092647433280945e-02
7.770288735628128052e-02
1.205016020685434341e-02
7.138297706842422485e-02
2.283990848809480667e-03
6.157447583973407745e-03
2.878172555938363075e-03
4.651486815419048071e-04
1.356606604531407356e-03
1.954121747985482216e-03
3.821655409410595894e-04
6.388923525810241699e-02
2.122684236383065581e-04
1.262475363910198212e-02
1.329228579998016357e-01
1.862535439431667328e-02
1.641283370554447174e-02
1.695982209639623761e-04
3.540434408932924271e-03
1.681387983262538910e-02
1.454909611493349075e-02
2.800705656409263611e-02
1.804544217884540558e-02
1.559799187816679478e-03
1.268473337404429913e-03
1.175360847264528275e-02
1.783563196659088135e-02
3.122313320636749268e-01
8.054876327514648438e-02
1.166722178459167480e-02
1.634118705987930298e-02
1.067030709236860275e-03
2.035101875662803650e-02
6.269770208746194839e-03
2.226605266332626343e-01
5.621036514639854431e-02
6.225575506687164307e-02
7.692555338144302368e-02
5.015958566218614578e-03
3.608578350394964218e-03
3.982179984450340271e-02
1.506020198576152325e-04
2.045320905745029449e-02
2.795825246721506119e-03
1.251551229506731033e-02
1.136999428272247314e-01
1.705378852784633636e-02
1.459020376205444336e-02
1.759501397609710693e-01
4.776040150318294764e-04
1.095179002732038498e-02
5.893525481224060059e-02
4.651486815419048071e-04
6.138053722679615021e-03
6.335549801588058472e-02
4.636557772755622864e-02
8.012037724256515503e-03
5.911600237595848739e-05
1.090902369469404221e-02
2.013522433117032051e-03
4.987931251525878906e-02
1.378679997287690639e-03
1.843403279781341553e-01
2.467554993927478790e-02
8.909536525607109070e-03
1.048715319484472275e-03
7.951776497066020966e-03
8.452929323539137840e-04
1.179884076118469238e-01
8.790747961029410362e-04
1.294400915503501892e-02
6.283541023731231689e-02
1.357566099613904953e-03
9.505938738584518433e-03
4.207694146316498518e-04
2.164432080462574959e-03
4.609135910868644714e-02
4.936138167977333069e-03
1.444974448531866074e-02
1.580405631102621555e-03
4.293171688914299011e-03
5.852804519236087799e-03
3.358453977853059769e-04
4.883778467774391174e-02
8.045773021876811981e-03
1.226425543427467346e-02
2.335570985451340675e-03
2.492283657193183899e-02
9.308429434895515442e-03
1.355848740786314011e-03
1.203868351876735687e-02
4.625084693543612957e-05
6.157447583973407745e-03
1.050826814025640488e-02
6.759908515959978104e-03
4.357451200485229492e-02
9.254221804440021515e-03
1.241946406662464142e-02
8.182057179510593414e-03
2.612660266458988190e-02
2.191935107111930847e-02
3.003765596076846123e-04
4.284573718905448914e-03
7.732449565082788467e-03
