4.978273529559373856e-03
1.680461340583860874e-03
3.590902313590049744e-03
1.022662501782178879e-03
7.418221794068813324e-04
3.654040046967566013e-04
1.116569619625806808e-03
1.326462661381810904e-04
8.680107421241700649e-04
1.321661751717329025e-03
3.361006733030080795e-03
8.469888707622885704e-04
5.980239366181194782e-04
6.276114727370440960e-04
2.308558905497193336e-03
2.384723164141178131e-03
9.255395707441493869e-05
1.235063560307025909e-02
1.084361807443201542e-03
5.513680516742169857e-04
1.628200174309313297e-03
8.656786754727363586e-03
2.327701658941805363e-04
7.758961874060332775e-04
3.475300036370754242e-03
5.300053209066390991e-02
1.156357320724055171e-04
1.150299445725977421e-03
1.180228544399142265e-03
9.182486683130264282e-04
2.593158511444926262e-03
5.045577883720397949e-03
1.915668020956218243e-03
9.310067445039749146e-02
9.295658208429813385e-03
1.018934184685349464e-03
1.555828144773840904e-03
4.650282207876443863e-04
1.890454324893653393e-03
1.073520071804523468e-02
1.404219074174761772e-03
1.515865791589021683e-02
1.396704581566154957e-03
4.332972690463066101e-03
2.394707174971699715e-03
4.431473498698323965e-04
2.197063760831952095e-03
5.467615090310573578e-03
5.655732005834579468e-03
1.905088138300925493e-04
1.655594329349696636e-03
1.384685980156064034e-03
1.382617512717843056e-03
2.300174906849861145e-03
9.310067445039749146e-02
6.147772073745727539e-03
7.743191672489047050e-04
1.183171756565570831e-03
3.905546385794878006e-03
2.283833600813522935e-04
2.249211771413683891e-03
1.768659567460417747e-03
3.795256197918206453e-04
1.617122790776193142e-03
4.702607169747352600e-03
9.148012031801044941e-04
8.022597758099436760e-04
1.568404491990804672e-03
1.178688649088144302e-02
3.102027112618088722e-03
3.870191425085067749e-02
3.176078898832201958e-03
6.282257847487926483e-03
3.722530230879783630e-02
7.059342693537473679e-03
1.745482441037893295e-03
1.697286032140254974e-03
2.966160536743700504e-04
5.161517485976219177e-02
8.596147596836090088e-02
1.799108344130218029e-03
9.420191636309027672e-04
1.729449722915887833e-03
5.181318265385925770e-04
7.145011331886053085e-03
2.271131088491529226e-04
4.112383758183568716e-04
2.698710188269615173e-02
7.187320152297616005e-04
9.022259037010371685e-04
1.477940590120851994e-03
8.849464938975870609e-04
1.172675564885139465e-02
3.115673782303929329e-03
2.675480442121624947e-03
6.085394998081028461e-04
1.372353173792362213e-03
5.752703291364014149e-04
1.857361407019197941e-03
4.649856782634742558e-05
2.449556719511747360e-03
9.310067445039749146e-02
1.834595808759331703e-03
1.183830015361309052e-02
6.246605771593749523e-04
3.795339493080973625e-03
5.163107998669147491e-04
7.415608852170407772e-04
6.231891456991434097e-04
1.997338607907295227e-02
3.943774383515119553e-03
2.277832478284835815e-03
4.875808022916316986e-03
3.465991758275777102e-04
4.978340584784746170e-03
2.857144689187407494e-03
6.300318520516157150e-03
1.311930944211781025e-03
2.962147700600326061e-04
1.104239374399185181e-03
3.771275514736771584e-04
2.845438430085778236e-03
9.310067445039749146e-02
1.403895555995404720e-03
4.286511801183223724e-03
2.184475539252161980e-03
1.622126001166179776e-04
2.852315083146095276e-03
1.139711588621139526e-03
4.051622236147522926e-04
7.454187609255313873e-03
6.885360344313085079e-04
7.052178843878209591e-04
5.326344165951013565e-03
1.077361172065138817e-03
4.149875312577933073e-04
1.915231533348560333e-02
6.012773606926202774e-03
2.706513274461030960e-03
1.634425367228686810e-03
2.814226318150758743e-03
3.146855859085917473e-03
1.590041094459593296e-03
2.027263632044196129e-03
2.339521422982215881e-03
7.077487534843385220e-04
1.232259557582437992e-03
1.858211238868534565e-03
1.587004633620381355e-03
3.388218116015195847e-03
2.022196771577000618e-03
2.004345413297414780e-03
1.151801552623510361e-03
3.945045638829469681e-03
3.568357788026332855e-04
6.011025514453649521e-03
8.465646207332611084e-02
1.731363707222044468e-03
2.261760085821151733e-02
2.682977064978331327e-04
4.593677353113889694e-03
1.108269393444061279e-02
6.457766517996788025e-03
9.492474782746285200e-05
1.286290120333433151e-03
8.413553587161004543e-04
1.107802498154342175e-03
8.612795500084757805e-04
6.498679518699645996e-03
1.009779371088370681e-04
1.115680090151727200e-03
3.730298194568604231e-04
1.131052151322364807e-03
1.807523425668478012e-03
4.093381110578775406e-03
1.497390121221542358e-02
2.995934803038835526e-03
3.653084859251976013e-03
7.509000599384307861e-03
6.707271677441895008e-04
1.073566032573580742e-03
1.988876610994338989e-04
4.207288147881627083e-04
2.519933739677071571e-03
3.397678490728139877e-03
7.577925571240484715e-04
8.382657542824745178e-04
3.229487687349319458e-03
1.899142377078533173e-02
5.390188656747341156e-03
1.255765371024608612e-02
2.715318987611681223e-04
2.844160189852118492e-03
3.295568458270281553e-04
1.550072338432073593e-02
5.868836771696805954e-03
3.521865291986614466e-04
4.023556597530841827e-03
1.150947762653231621e-03
1.332867395831272006e-04
1.460956875234842300e-03
3.397678490728139877e-03
1.538600045023486018e-04
1.171055482700467110e-03
3.247996559366583824e-03
2.274764701724052429e-03
7.614132482558488846e-03
7.247447036206722260e-03
1.720088068395853043e-03
1.610249863006174564e-03
1.517339376732707024e-03
4.069954156875610352e-03
1.060263239196501672e-04
9.126234799623489380e-03
2.109356282744556665e-04
4.272781312465667725e-03
1.271355577046051621e-04
1.649427111260592937e-03
1.525531260995194316e-04
3.774575656279921532e-03
3.207818418741226196e-02
8.871871978044509888e-03
6.267497316002845764e-03
2.721849014051258564e-04
2.160222502425312996e-03
9.192567318677902222e-03
4.213110660202801228e-04
8.357388433068990707e-04
3.130653407424688339e-03
5.074739921838045120e-03
9.699427173472940922e-04
9.045662358403205872e-03
2.294723090017214417e-04
7.586713763885200024e-04
2.526817657053470612e-02
6.465276237577199936e-04
3.045277670025825500e-03
5.467615090310573578e-03
1.313248940277844667e-04
9.871046058833599091e-04
1.110982615500688553e-03
1.230735238641500473e-02
2.874588826671242714e-03
6.761707481928169727e-04
4.528810677584260702e-04
2.974533708766102791e-03
2.531552454456686974e-04
1.947678923606872559e-01
1.374155981466174126e-03
3.123068308923393488e-04
2.668538829311728477e-03
1.286884187720716000e-03
5.227320361882448196e-03
5.832871829625219107e-05
1.611109008081257343e-03
1.538498327136039734e-03
1.395809813402593136e-04
1.450648158788681030e-02
1.178075908683240414e-04
7.645647041499614716e-03
2.844160189852118492e-03
9.177292231470346451e-04
1.104376860894262791e-03
7.038331124931573868e-03
1.564984559081494808e-03
3.358433255925774574e-03
1.561392005532979965e-02
3.542180731892585754e-02
4.431473498698323965e-04
2.457689028233289719e-03
1.373902894556522369e-03
1.363365259021520615e-02
6.544702773680910468e-05
9.035351104103028774e-04
6.575549021363258362e-03
1.709634438157081604e-03
3.012377128470689058e-04
1.098588630557060242e-01
3.039224818348884583e-02
4.172886721789836884e-03
1.956397463800385594e-04
1.901986426673829556e-03
5.044639576226472855e-03
1.633628737181425095e-03
4.277738183736801147e-02
2.113278023898601532e-04
4.988271975889801979e-04
1.009254832752048969e-03
3.611182095482945442e-03
5.694113206118345261e-04
1.455492689274251461e-03
1.684405840933322906e-03
8.361915242858231068e-04
2.640226448420435190e-04
1.853435533121228218e-03
7.366680540144443512e-03
1.655594329349696636e-03
9.310067445039749146e-02
1.734413555823266506e-03
3.492937656119465828e-03
7.229413313325494528e-05
8.466318831779062748e-04
2.393200397491455078e-01
8.068941533565521240e-03
1.116014784201979637e-03
5.847944412380456924e-04
1.550120767205953598e-03
2.294771373271942139e-03
1.053980668075382710e-03
1.571045815944671631e-02
1.923354268074035645e-01
5.975057138130068779e-04
1.286794198676943779e-03
8.307198295369744301e-04
1.830768538638949394e-03
2.640789898578077555e-04
2.820508088916540146e-03
2.811718150041997433e-04
7.593189948238432407e-04
1.014978974126279354e-03
9.509195224381983280e-04
1.324116950854659081e-03
1.224544132128357887e-03
3.018420422449707985e-03
2.320794463157653809e-01
4.626872483640909195e-03
3.820406855084002018e-04
1.138231746153905988e-04
3.053985070437192917e-03
1.680940017104148865e-02
4.069954156875610352e-03
2.321307838428765535e-04
2.148431260138750076e-03
1.651699305512011051e-03
6.538824643939733505e-03
6.218994531081989408e-05
2.822442445904016495e-03
3.909632214345037937e-04
1.019052113406360149e-03
1.649929210543632507e-03
8.957365644164383411e-04
8.839879184961318970e-03
2.039158344268798828e-02
8.157028059940785170e-05
1.007153885439038277e-03
1.026225159876048565e-03
1.326462661381810904e-04
1.845096936449408531e-03
2.214852720499038696e-03
1.261496841907501221e-01
2.916013821959495544e-03
2.058459818363189697e-01
1.116569619625806808e-03
3.191659227013587952e-03
2.722291508689522743e-03
3.207818418741226196e-02
3.284858074039220810e-03
1.739798695780336857e-03
4.844455048441886902e-03
2.121646888554096222e-03
1.248194137588143349e-03
1.481194631196558475e-03
8.621208369731903076e-03
2.242273039883002639e-04
1.837201067246496677e-03
1.704900292679667473e-03
6.800408009439706802e-04
1.931727118790149689e-02
2.004345413297414780e-03
2.067783934762701392e-04
1.540353987365961075e-02
2.833576640114188194e-03
1.800849102437496185e-03
1.218394841998815536e-03
2.943506406154483557e-04
9.354933165013790131e-03
5.929446197114884853e-04
1.571461558341979980e-03
1.341689057881012559e-04
2.827717922627925873e-03
5.593120295088738203e-05
3.559398232027888298e-03
1.911771297454833984e-02
1.647164463065564632e-03
6.430998910218477249e-03
5.880737444385886192e-05
3.066359204240143299e-04
4.379395861178636551e-03
2.804776187986135483e-03
6.974263116717338562e-03
1.721559092402458191e-03
2.951807982753962278e-05
1.776472781784832478e-03
5.255243740975856781e-03
4.856100771576166153e-03
5.061420798301696777e-02
4.718622937798500061e-02
1.410799915902316570e-03
1.137207727879285812e-03
8.415619377046823502e-04
4.274014849215745926e-03
3.730298194568604231e-04
1.885529840365052223e-03
2.468024380505084991e-03
2.239914756501093507e-04
3.467514412477612495e-03
6.183818448334932327e-03
6.271299440413713455e-03
4.246208118274807930e-04
9.310067445039749146e-02
1.320124790072441101e-02
9.947486250894144177e-05
5.982565227895975113e-03
3.508746158331632614e-04
1.639722264371812344e-03
2.364594256505370140e-03
1.338224112987518311e-01
9.066439233720302582e-03
2.294524892931804061e-04
1.288858591578900814e-03
3.672323422506451607e-03
2.951263217255473137e-03
1.955361803993582726e-03
5.123861879110336304e-02
7.195245474576950073e-03
4.669914487749338150e-03
1.911771297454833984e-02
4.707856569439172745e-03
3.863105666823685169e-04
8.364308741874992847e-04
3.996897430624812841e-04
2.129583444911986589e-04
2.135486342012882233e-03
7.748095085844397545e-04
1.247521373443305492e-03
2.976160612888634205e-04
5.053951218724250793e-02
2.794138621538877487e-03
7.898601703345775604e-03
1.120468077715486288e-04
4.543719405774027109e-04
4.021861404180526733e-02
2.095913281664252281e-03
7.758961874060332775e-04
4.182597331237047911e-04
3.452803939580917358e-03
6.867563351988792419e-03
2.294524892931804061e-04
8.364308741874992847e-04
1.311930944211781025e-03
1.481194631196558475e-03
9.741395479068160057e-04
6.061740685254335403e-03
4.285857081413269043e-03
3.631834173575043678e-03
5.752703291364014149e-04
2.212128788232803345e-02
1.202898914925754070e-03
5.834981799125671387e-03
9.284719126299023628e-04
4.263711627572774887e-03
1.385741750709712505e-03
5.711117410100996494e-04
1.368635566905140877e-03
4.865560214966535568e-03
6.827121251262724400e-04
3.731692675501108170e-03
3.589594038203358650e-03
3.304740530438721180e-04
1.633514300920069218e-03
2.091635018587112427e-03
6.612802855670452118e-03
4.606259055435657501e-03
4.562630504369735718e-02
1.077361172065138817e-03
1.743474858812987804e-04
1.527173153590410948e-04
1.697941042948514223e-04
1.003630924969911575e-03
2.247975935460999608e-04
3.968272940255701542e-04
6.729581393301486969e-03
8.033567428356036544e-05
3.313961206004023552e-03
1.205305568873882294e-02
2.596672391518950462e-03
1.033810083754360676e-03
6.440422293962910771e-05
3.417197847738862038e-03
4.875808022916316986e-03
2.050184644758701324e-03
1.172675564885139465e-02
1.304692355915904045e-03
1.181109575554728508e-03
1.468685921281576157e-03
5.164796952158212662e-03
6.354529177770018578e-04
1.954081701114773750e-03
8.312356658279895782e-04
1.547494321130216122e-04
1.537255011498928070e-03
3.159462939947843552e-04
1.040937379002571106e-03
2.321307838428765535e-04
2.240832196548581123e-03
8.315915241837501526e-03
1.380696520209312439e-02
1.541090663522481918e-03
1.387887052260339260e-03
9.380143601447343826e-04
1.743093365803360939e-03
7.561717939097434282e-05
1.047512702643871307e-02
8.549748454242944717e-04
9.583813371136784554e-04
1.085491944104433060e-02
4.207288147881627083e-04
2.770575927570462227e-03
8.498227223753929138e-03
3.586945822462439537e-04
4.530995793174952269e-04
2.951263217255473137e-03
1.697941042948514223e-04
3.771275514736771584e-04
6.753429304808378220e-03
3.201387589797377586e-03
1.338236033916473389e-04
1.700342982076108456e-04
4.520777729339897633e-04
3.842078894376754761e-02
1.296282862313091755e-03
4.033311083912849426e-02
1.776472781784832478e-03
3.500028396956622601e-04
2.771959407255053520e-04
5.688373348675668240e-04
1.876348280347883701e-03
3.871234657708555460e-04
1.331971026957035065e-02
1.060924492776393890e-03
1.691488176584243774e-02
2.095913281664252281e-03
1.543231890536844730e-03
4.497506888583302498e-04
1.284133060835301876e-03
1.359029207378625870e-03
5.012493580579757690e-03
5.691083148121833801e-03
6.728761363774538040e-04
2.138683339580893517e-04
4.110338340979069471e-04
5.080743692815303802e-03
1.357672008452937007e-04
6.951185408979654312e-03
2.031470881775021553e-03
4.347660113126039505e-03
7.195245474576950073e-03
7.837650366127490997e-03
1.881981734186410904e-03
7.503870874643325806e-04
1.889635925181210041e-03
1.332867395831272006e-04
1.743474858812987804e-04
1.046059885993599892e-03
1.756707555614411831e-03
2.985969185829162598e-04
1.376204774715006351e-03
2.136013936251401901e-03
1.017260015942156315e-03
1.756941550411283970e-03
1.367808436043560505e-03
4.943805397488176823e-04
1.501001766882836819e-03
7.989266887307167053e-03
