8.996605873107910156e-02
1.820260472595691681e-02
2.279691398143768311e-03
1.163932215422391891e-02
1.371952425688505173e-02
2.975316718220710754e-03
1.491530984640121460e-01
9.984807111322879791e-04
4.676448926329612732e-02
4.691579192876815796e-02
1.917494274675846100e-02
1.136292982846498489e-02
7.822574675083160400e-02
2.004376612603664398e-02
2.011959068477153778e-02
1.054163873195648193e-01
1.875366579042747617e-04
8.441307395696640015e-02
1.821895688772201538e-02
9.999555768445134163e-04
8.610208332538604736e-02
6.427315473556518555e-01
4.005764145404100418e-03
1.124659366905689240e-02
4.461505264043807983e-02
3.977185115218162537e-02
1.685245515545830131e-04
8.714456111192703247e-03
6.376551389694213867e-01
2.675633691251277924e-02
1.045027747750282288e-01
3.229234516620635986e-01
1.968905925750732422e-01
1.317838877439498901e-01
1.100534945726394653e-01
2.237424440681934357e-02
3.637671843171119690e-02
2.047913521528244019e-02
8.740789256989955902e-03
7.990340888500213623e-02
4.875445067882537842e-01
1.437599658966064453e-01
2.681944146752357483e-02
2.350471317768096924e-01
2.661046981811523438e-01
1.047238148748874664e-02
8.771098852157592773e-01
3.824258223176002502e-02
4.230243712663650513e-02
5.659151065628975630e-05
1.168000921607017517e-01
1.613883860409259796e-02
1.109965238720178604e-02
1.036593038588762283e-02
1.317838877439498901e-01
5.263040214776992798e-02
1.885534636676311493e-02
1.033719442784786224e-02
3.377442061901092529e-01
3.961273934692144394e-03
1.620780304074287415e-02
1.761104911565780640e-02
3.017285466194152832e-02
1.901576854288578033e-02
5.008463859558105469e-01
1.406525541096925735e-02
1.959332637488842010e-02
2.026254869997501373e-02
1.249298900365829468e-01
7.393681257963180542e-02
1.399477869272232056e-01
9.405288696289062500e-01
1.800080686807632446e-01
1.154031138867139816e-03
2.394889146089553833e-01
1.881890930235385895e-02
1.425108872354030609e-02
4.195968154817819595e-03
3.222501873970031738e-01
4.624871071428060532e-03
4.401546716690063477e-02
2.164179459214210510e-02
3.012067675590515137e-01
4.091047216206789017e-03
2.867870628833770752e-01
7.067155558615922928e-03
1.982531044632196426e-03
1.450581550598144531e-01
3.344353288412094116e-02
1.532767550088465214e-03
1.606213748455047607e-01
1.987560652196407318e-02
5.295037031173706055e-01
2.670669928193092346e-02
1.341945771127939224e-02
1.009912416338920593e-02
9.370886087417602539e-01
5.197674501687288284e-03
6.222249194979667664e-02
3.356193774379789829e-04
3.038401901721954346e-01
1.317838877439498901e-01
1.703075505793094635e-02
4.486929774284362793e-01
1.571582164615392685e-03
2.168317697942256927e-02
2.183872042223811150e-03
8.212987333536148071e-03
7.169296965003013611e-03
9.566789120435714722e-02
4.951708316802978516e-01
1.571571826934814453e-02
1.803639344871044159e-02
9.728526473045349121e-01
5.615347027778625488e-01
1.468578428030014038e-01
1.064476147294044495e-01
4.279421567916870117e-01
3.168840426951646805e-03
1.412612497806549072e-01
2.067246474325656891e-03
7.440315485000610352e-01
1.317838877439498901e-01
1.229262631386518478e-02
9.268824756145477295e-02
8.907519280910491943e-03
3.230460919439792633e-03
7.664453238248825073e-02
6.086205597966909409e-03
2.593516930937767029e-02
1.257268488407135010e-01
4.935062956064939499e-03
2.988958917558193207e-02
4.171978831291198730e-01
1.391003280878067017e-01
3.354433923959732056e-03
5.519705265760421753e-02
2.254610359668731689e-01
1.354973316192626953e-01
8.625251799821853638e-02
3.692409023642539978e-02
5.846278369426727295e-02
3.387219458818435669e-02
5.988278426229953766e-03
1.041600573807954788e-02
5.242643528617918491e-04
8.409834466874599457e-03
4.408074077218770981e-03
1.341371983289718628e-01
1.068295165896415710e-01
7.161476016044616699e-01
1.576806791126728058e-02
2.622219733893871307e-02
5.009334683418273926e-01
1.429230868816375732e-01
8.087139129638671875e-01
9.307050704956054688e-02
1.801997423171997070e-01
1.377614885568618774e-01
1.051095873117446899e-02
5.376274883747100830e-02
3.706070780754089355e-02
7.970861345529556274e-02
1.231129630468785763e-03
1.155653297901153564e-01
9.568378329277038574e-01
1.330332085490226746e-02
8.707957342267036438e-03
6.156679987907409668e-01
5.295770242810249329e-03
9.136183261871337891e-01
2.025246387347579002e-03
1.260844711214303970e-02
1.532318349927663803e-02
3.138682544231414795e-01
6.673754006624221802e-02
3.989027068018913269e-02
1.892978884279727936e-02
2.604972198605537415e-02
3.350128233432769775e-02
2.425176650285720825e-02
3.205058863386511803e-03
3.368860576301813126e-03
6.347549557685852051e-01
4.976110160350799561e-02
5.017625167965888977e-02
9.572205543518066406e-01
3.525171577930450439e-01
2.539266347885131836e-01
4.163744300603866577e-02
3.780831098556518555e-01
3.257831325754523277e-03
1.547209620475769043e-01
2.648580446839332581e-02
1.090570837259292603e-01
8.377085328102111816e-01
6.315290462225675583e-03
1.394630372524261475e-01
8.716366253793239594e-03
1.318729831837117672e-03
1.496967859566211700e-02
4.976110160350799561e-02
2.403079299256205559e-03
1.458614692091941833e-02
3.743476867675781250e-01
6.476476788520812988e-02
2.693895064294338226e-02
6.020327210426330566e-01
1.857363060116767883e-02
6.608396768569946289e-01
1.488900184631347656e-01
2.466522753238677979e-01
4.657445533666759729e-04
6.127952784299850464e-02
7.370965555310249329e-03
4.605642333626747131e-02
3.088174620643258095e-03
3.660997748374938965e-02
1.189943403005599976e-03
5.389551818370819092e-02
3.127548992633819580e-01
1.138357222080230713e-01
1.118343789130449295e-02
3.306036349385976791e-03
1.853315718472003937e-02
4.635742604732513428e-01
3.275573020800948143e-03
3.034280426800251007e-02
5.488476753234863281e-01
2.605875730514526367e-01
7.165775168687105179e-03
8.427698016166687012e-01
1.560122123919427395e-03
1.348771061748266220e-02
1.255748271942138672e-01
9.628968238830566406e-01
3.638459369540214539e-02
3.824258223176002502e-02
6.948462105356156826e-04
4.129325225949287415e-02
9.085210412740707397e-02
1.111280098557472229e-01
7.489711046218872070e-02
1.365465391427278519e-02
7.474819663912057877e-03
2.385018020868301392e-02
2.715491922572255135e-03
2.637945860624313354e-02
2.399304807186126709e-01
5.531301721930503845e-03
3.684778511524200439e-01
1.136591210961341858e-01
7.653188705444335938e-02
4.894280573353171349e-04
1.602338254451751709e-01
5.651106312870979309e-02
8.220667950809001923e-03
3.858082694932818413e-03
5.393367609940469265e-04
2.700020000338554382e-02
1.547209620475769043e-01
2.128456532955169678e-01
9.146744012832641602e-01
2.381778359413146973e-01
6.283213384449481964e-03
2.230123383924365044e-03
7.057746648788452148e-01
4.830798134207725525e-02
1.047238148748874664e-02
2.881533503532409668e-01
1.926134079694747925e-01
1.234176605939865112e-01
2.158893272280693054e-03
5.050214380025863647e-02
1.808756887912750244e-01
5.856075137853622437e-02
4.050053656101226807e-03
1.334335654973983765e-01
1.456954926252365112e-01
6.561802029609680176e-01
1.794793875887989998e-03
7.170915603637695312e-03
1.410351507365703583e-02
1.669425368309020996e-01
5.115404725074768066e-01
5.137369735166430473e-04
2.150197513401508331e-03
2.263667620718479156e-02
3.526574075222015381e-01
4.752995967864990234e-01
2.045241892337799072e-01
1.238792240619659424e-01
5.782631225883960724e-03
9.868686795234680176e-01
1.392098963260650635e-01
2.624827921390533447e-01
1.168000921607017517e-01
1.317838877439498901e-01
5.833509191870689392e-02
9.630687534809112549e-02
2.136511262506246567e-03
2.315913094207644463e-03
2.424875646829605103e-02
4.404813982546329498e-03
1.470987498760223389e-01
3.285656124353408813e-02
1.538419127464294434e-01
3.993409126996994019e-02
1.588910371065139771e-01
2.752798497676849365e-01
3.349512442946434021e-02
9.919107891619205475e-03
2.811012864112854004e-01
1.628538477234542370e-03
1.795867234468460083e-01
4.939944297075271606e-02
6.971693783998489380e-02
7.926799589768052101e-04
5.323227494955062866e-03
1.349328365176916122e-02
2.832481451332569122e-02
9.005003422498703003e-02
1.019904389977455139e-02
2.008920162916183472e-01
1.768971532583236694e-01
4.817403256893157959e-01
9.788849949836730957e-01
1.771538227330893278e-04
1.606939919292926788e-02
7.724595665931701660e-01
2.466522753238677979e-01
2.200750634074211121e-03
6.056225672364234924e-02
1.076334342360496521e-01
5.886828526854515076e-02
1.914905733428895473e-03
7.840835303068161011e-02
6.127232220023870468e-03
4.588548839092254639e-02
1.523915119469165802e-02
1.765163801610469818e-02
9.865082800388336182e-02
1.513141095638275146e-01
7.118375506252050400e-04
3.778205066919326782e-02
7.466332055628299713e-03
9.984807111322879791e-04
2.435650117695331573e-02
7.181294262409210205e-02
4.700647294521331787e-02
4.888478815555572510e-01
6.241401284933090210e-02
1.491530984640121460e-01
1.527210231870412827e-02
7.959675192832946777e-01
3.127548992633819580e-01
3.569892048835754395e-02
2.511113183572888374e-03
1.125113070011138916e-01
5.268605798482894897e-02
7.099347189068794250e-03
1.535514835268259048e-02
8.310675621032714844e-01
9.289413690567016602e-03
1.749511435627937317e-02
7.438653707504272461e-01
8.325581252574920654e-02
1.362279951572418213e-01
1.576806791126728058e-02
5.036395159550011158e-04
7.293346524238586426e-01
2.389421463012695312e-01
9.171543121337890625e-01
2.942848205566406250e-01
4.901149310171604156e-03
9.989844262599945068e-02
1.987054385244846344e-02
2.730142883956432343e-02
1.632767729461193085e-02
3.277776762843132019e-02
1.414815196767449379e-03
1.483383215963840485e-02
3.061972931027412415e-02
5.622545629739761353e-02
5.422564223408699036e-02
6.809476763010025024e-04
5.168784875422716141e-03
7.065796852111816406e-01
1.820197887718677521e-02
2.974242866039276123e-01
1.867490634322166443e-02
3.176169120706617832e-04
5.346650630235671997e-02
5.165853500366210938e-01
2.277967892587184906e-02
1.432596892118453979e-02
1.371051184833049774e-02
4.705804400146007538e-03
3.473381698131561279e-02
1.119711399078369141e-01
1.654134318232536316e-02
2.025246387347579002e-03
5.955285429954528809e-01
1.029570251703262329e-01
6.212365813553333282e-03
3.435149788856506348e-01
7.595255970954895020e-02
3.619737923145294189e-01
6.336365826427936554e-03
1.317838877439498901e-01
4.581977427005767822e-01
5.827966611832380295e-03
5.483564138412475586e-01
6.213538348674774170e-03
4.857382550835609436e-02
3.322561457753181458e-02
2.239325270056724548e-02
8.421594500541687012e-01
1.684867590665817261e-02
1.603888124227523804e-01
2.607380039989948273e-02
1.857182383537292480e-01
1.134381815791130066e-02
6.746352463960647583e-02
6.043319106101989746e-01
2.160299867391586304e-01
3.061972931027412415e-02
1.621795892715454102e-01
6.473141256719827652e-03
3.247473388910293579e-03
2.054351381957530975e-03
2.990242093801498413e-03
4.311757683753967285e-01
3.533236682415008545e-02
7.199295330792665482e-03
2.830017730593681335e-02
3.264314532279968262e-01
1.473443508148193359e-01
3.293658792972564697e-01
1.677368418313562870e-03
1.304995641112327576e-02
5.291777849197387695e-01
5.270254239439964294e-02
1.124659366905689240e-02
1.490409765392541885e-02
1.847684197127819061e-02
4.096080083400011063e-03
1.684867590665817261e-02
3.247473388910293579e-03
4.279421567916870117e-01
1.535514835268259048e-02
1.621988043189048767e-02
6.967626214027404785e-01
9.156501293182373047e-02
5.951046943664550781e-01
5.197674501687288284e-03
6.095359846949577332e-02
1.898389868438243866e-02
3.643595799803733826e-02
1.062385388650000095e-03
4.650366306304931641e-02
2.452655509114265442e-02
7.211762946099042892e-03
1.519960723817348480e-02
1.471026390790939331e-01
8.560193702578544617e-03
2.175766602158546448e-02
1.842258684337139130e-02
9.756896495819091797e-01
1.685190200805664062e-02
7.771816253662109375e-01
1.803222000598907471e-01
4.768717885017395020e-01
5.960220098495483398e-01
1.391003280878067017e-01
1.479348982684314251e-03
1.185027998872101307e-03
4.723423335235565901e-04
8.019019961357116699e-01
1.279950141906738281e-03
9.754273891448974609e-01
3.792517483234405518e-01
2.774468855932354927e-03
5.626530572772026062e-02
3.565765917301177979e-02
3.353566527366638184e-01
5.713624134659767151e-02
7.587492582388222218e-04
3.337150812149047852e-01
1.803639344871044159e-02
8.961203275248408318e-04
5.295037031173706055e-01
1.718099345453083515e-03
4.178772568702697754e-01
8.559963107109069824e-01
1.739161312580108643e-01
5.657756701111793518e-03
1.984696537256240845e-01
2.297410042956471443e-03
4.025356378406286240e-03
2.004945650696754456e-02
4.603692796081304550e-03
6.106632202863693237e-02
2.200750634074211121e-03
2.916523441672325134e-02
4.847861230373382568e-01
3.647096455097198486e-01
7.634845376014709473e-02
7.667439989745616913e-03
4.755586758255958557e-02
5.949228405952453613e-01
5.154192913323640823e-04
2.081783860921859741e-01
1.758716069161891937e-02
1.251920778304338455e-02
7.179537415504455566e-02
3.368860576301813126e-03
1.598257869482040405e-01
3.083954155445098877e-01
4.272582475095987320e-03
1.329042576253414154e-02
1.857182383537292480e-01
4.723423335235565901e-04
2.067246474325656891e-03
3.682052195072174072e-01
4.465262591838836670e-01
2.677061595022678375e-03
3.327047219499945641e-03
1.329451054334640503e-02
4.850587807595729828e-03
2.823690772056579590e-01
5.403843522071838379e-02
5.346650630235671997e-02
9.290715679526329041e-03
9.580992045812308788e-04
9.364312863908708096e-04
1.438208222389221191e-01
5.303613096475601196e-02
7.840760797262191772e-02
4.309626519680023193e-01
7.573388218879699707e-01
5.270254239439964294e-02
6.333257257938385010e-02
1.726359012536704540e-03
9.649708271026611328e-01
5.117738991975784302e-02
7.414142787456512451e-02
2.660641074180603027e-02
1.663125236518681049e-03
2.997770672664046288e-03
2.147655701264739037e-03
7.356802374124526978e-02
1.677936129271984100e-02
9.196350723505020142e-02
1.845674216747283936e-02
2.199524790048599243e-01
6.043319106101989746e-01
5.814335346221923828e-01
9.418896399438381195e-03
2.909624949097633362e-03
1.758242398500442505e-01
1.318729831837117672e-03
1.479348982684314251e-03
2.631538920104503632e-02
9.899245575070381165e-03
4.993957001715898514e-03
1.573010236024856567e-01
2.450895868241786957e-02
1.871841587126255035e-02
4.341781511902809143e-02
9.455942362546920776e-02
1.345825381577014923e-02
2.854692041873931885e-01
8.081742376089096069e-02
