3.592812716960906982e-01
7.160326838493347168e-01
5.395640619099140167e-03
2.907478436827659607e-02
6.526414155960083008e-01
5.658851470798254013e-03
1.849486827850341797e-01
6.154756061732769012e-03
9.126567840576171875e-01
4.017557948827743530e-02
1.063676457852125168e-02
5.313011258840560913e-02
8.917978405952453613e-02
8.881805115379393101e-04
1.612574048340320587e-02
7.810043543577194214e-02
1.194097334519028664e-03
3.564585372805595398e-02
1.957170199602842331e-03
1.103326771408319473e-02
2.907615900039672852e-01
3.188347443938255310e-03
9.761994481086730957e-01
1.760982908308506012e-03
2.103626430034637451e-01
5.947461351752281189e-03
3.535206895321607590e-03
2.224743068218231201e-01
2.255170643329620361e-01
6.258040200918912888e-03
8.349316120147705078e-01
2.452605962753295898e-01
6.162817478179931641e-01
5.744761228561401367e-01
4.594659432768821716e-02
2.564820693805813789e-03
2.452809549868106842e-02
2.328922785818576813e-02
2.711580134928226471e-03
4.646893218159675598e-02
4.829737544059753418e-01
3.226537629961967468e-02
6.916515231132507324e-01
4.182546734809875488e-01
5.698446184396743774e-02
5.612940061837434769e-03
7.932990789413452148e-03
2.172279171645641327e-02
5.499273166060447693e-02
7.563333201687783003e-05
6.545005831867456436e-03
7.566852145828306675e-04
2.230055257678031921e-02
1.539383362978696823e-02
5.744761228561401367e-01
3.549288492649793625e-03
3.312639296054840088e-01
4.356267862021923065e-03
1.135836914181709290e-02
9.769983887672424316e-01
1.462544780224561691e-02
6.435777992010116577e-03
1.339276283979415894e-01
2.310418337583541870e-02
2.200233340263366699e-01
8.336965111084282398e-04
8.420727252960205078e-01
3.540345933288335800e-03
7.615526020526885986e-02
6.589425355195999146e-02
8.055824786424636841e-02
2.247649244964122772e-02
1.890229433774948120e-02
1.559948315843939781e-03
3.040096908807754517e-02
8.302133530378341675e-03
8.116484284400939941e-01
1.428402261808514595e-03
1.295536849647760391e-02
9.418455883860588074e-03
4.258018452674150467e-03
1.475528231821954250e-03
5.976023152470588684e-03
9.893480688333511353e-02
1.818189024925231934e-02
9.744074940681457520e-01
2.663422143086791039e-03
3.831482306122779846e-02
3.767249882221221924e-01
1.919826958328485489e-03
4.766260832548141479e-02
3.834787011146545410e-02
1.812540888786315918e-01
8.574582636356353760e-02
1.780406199395656586e-02
6.458059884607791901e-03
2.194862999022006989e-02
6.965841632336378098e-03
1.212089583277702332e-01
1.133342273533344269e-03
3.200808074325323105e-03
5.744761228561401367e-01
6.349506974220275879e-02
6.530535966157913208e-02
3.192704636603593826e-03
1.669527888298034668e-01
1.536967931315302849e-03
7.631684187799692154e-03
7.651466876268386841e-02
4.618644714355468750e-03
2.357418835163116455e-01
1.286195591092109680e-02
5.156778916716575623e-02
3.947133198380470276e-03
1.724739521741867065e-01
4.028950929641723633e-01
7.014440838247537613e-03
2.197354137897491455e-01
1.185132190585136414e-02
5.982689857482910156e-01
2.444653771817684174e-02
3.507862240076065063e-02
5.744761228561401367e-01
2.280932292342185974e-02
1.512619853019714355e-01
9.355792775750160217e-03
3.050459781661629677e-04
8.668380975723266602e-02
3.567296639084815979e-02
1.900507137179374695e-02
2.818190120160579681e-02
1.795217045582830906e-03
9.558055400848388672e-01
7.939734496176242828e-03
1.405641809105873108e-02
7.273165974766016006e-03
1.783384941518306732e-02
3.971389494836330414e-03
8.428979516029357910e-01
2.897529900074005127e-01
6.495251059532165527e-01
1.074797939509153366e-02
1.842337548732757568e-01
1.662352820858359337e-03
1.901488751173019409e-02
6.708033615723252296e-04
1.133430097252130508e-02
5.298741161823272705e-04
7.189736962318420410e-01
6.396459788084030151e-02
1.812902987003326416e-01
4.298968706279993057e-03
3.048839978873729706e-03
1.022644992917776108e-02
2.757191192358732224e-03
9.155455045402050018e-03
3.065888024866580963e-02
8.780501037836074829e-02
1.713991910219192505e-01
9.746710956096649170e-02
2.772145569324493408e-01
2.890906063839793205e-03
3.889443278312683105e-01
2.634268440306186676e-02
5.748371034860610962e-02
2.046533301472663879e-02
2.287608236074447632e-01
2.522287368774414062e-01
2.566800415515899658e-01
3.762776905205100775e-04
1.913762837648391724e-02
2.440834604203701019e-02
3.655133247375488281e-01
2.529336838051676750e-03
6.308580935001373291e-02
6.948995590209960938e-02
6.306349039077758789e-01
8.342435956001281738e-02
1.801797747611999512e-01
4.218550026416778564e-02
4.874496255069971085e-03
5.247068125754594803e-03
2.313600108027458191e-02
2.384784072637557983e-01
6.513999775052070618e-03
9.080191850662231445e-01
2.022756449878215790e-02
7.407600991427898407e-03
1.462138593196868896e-01
2.144305035471916199e-02
5.583970248699188232e-02
6.034497055225074291e-04
1.645294018089771271e-02
9.419344067573547363e-01
1.635797508060932159e-02
4.744385182857513428e-02
3.190433606505393982e-03
1.123864669352769852e-02
2.227359116077423096e-01
7.250262569868937135e-05
2.700854539871215820e-01
6.513999775052070618e-03
4.876963421702384949e-02
1.674790168181061745e-03
1.487276405096054077e-01
7.877044379711151123e-02
4.583276435732841492e-02
1.153394207358360291e-01
7.597242016345262527e-03
6.867147982120513916e-02
5.070899128913879395e-01
1.842541061341762543e-02
1.998440828174352646e-03
9.661882184445858002e-03
9.749748110771179199e-01
2.605415508151054382e-02
3.793670330196619034e-04
2.382639795541763306e-01
5.546865519136190414e-03
1.195295751094818115e-01
1.903268508613109589e-02
3.288228511810302734e-01
8.497576415538787842e-02
6.040246225893497467e-04
5.718547385185956955e-03
2.750017940998077393e-01
2.398165501654148102e-02
1.210238202475011349e-03
2.633336745202541351e-02
2.542981132864952087e-02
2.914161654189229012e-03
8.020260930061340332e-02
1.984790712594985962e-02
8.046678900718688965e-01
1.783453524112701416e-01
6.203235592693090439e-03
1.734670810401439667e-02
2.172279171645641327e-02
3.172970609739422798e-04
7.525910157710313797e-03
6.465443372726440430e-01
3.495537862181663513e-02
1.070885919034481049e-03
4.301022272557020187e-03
1.025070901960134506e-03
7.974769175052642822e-02
9.490299820899963379e-01
5.520823970437049866e-02
1.628950536251068115e-01
7.330212392844259739e-04
5.466877017170190811e-03
5.460197478532791138e-02
2.187340706586837769e-02
1.662408700212836266e-03
9.420094639062881470e-02
5.874097943305969238e-01
9.431964717805385590e-04
9.611921310424804688e-01
2.583088353276252747e-03
4.632598906755447388e-02
1.645294018089771271e-02
9.327641874551773071e-02
1.944055594503879547e-02
5.203288979828357697e-03
4.302835557609796524e-03
5.593952257186174393e-03
1.625219359993934631e-02
2.799022495746612549e-01
5.612940061837434769e-03
6.956621259450912476e-02
2.117244899272918701e-01
9.510593861341476440e-02
1.318955677561461926e-03
1.052372157573699951e-01
1.101726200431585312e-02
2.619128525257110596e-01
8.359044790267944336e-02
2.459618300199508667e-01
6.851099431514739990e-02
7.969369739294052124e-02
7.925892248749732971e-03
1.475848257541656494e-02
3.725257515907287598e-02
7.415805459022521973e-01
4.896722361445426941e-02
9.981591254472732544e-03
1.797624165192246437e-03
7.004034519195556641e-01
9.983095526695251465e-02
4.462963640689849854e-01
7.156538367271423340e-01
1.125997900962829590e-01
4.148342646658420563e-03
3.105741925537586212e-03
4.451389238238334656e-02
3.440567478537559509e-02
6.545005831867456436e-03
5.744761228561401367e-01
2.592877149581909180e-01
5.968242883682250977e-03
7.831921102479100227e-04
4.921507090330123901e-03
6.318910419940948486e-02
4.353635013103485107e-03
1.831943392753601074e-01
6.469190120697021484e-03
4.903982877731323242e-01
5.686652660369873047e-01
4.831588566303253174e-01
1.401083916425704956e-01
2.889375090599060059e-01
3.278214633464813232e-01
5.103689432144165039e-01
7.790609379298985004e-04
2.332255840301513672e-01
2.378234639763832092e-03
7.857334800064563751e-03
4.524691903498023748e-04
2.625654451549053192e-03
8.054176345467567444e-03
5.778191685676574707e-01
1.429698709398508072e-02
1.541910618543624878e-01
5.519748330116271973e-01
5.282739922404289246e-02
3.390416130423545837e-02
3.798907622694969177e-03
3.444407600909471512e-03
2.859471924602985382e-02
1.370179280638694763e-02
1.842541061341762543e-02
2.513393410481512547e-04
1.040399819612503052e-01
2.433672398328781128e-01
3.994367551058530807e-03
1.287557301111519337e-03
8.618901483714580536e-03
5.627828240394592285e-01
8.690626621246337891e-01
2.675660513341426849e-02
1.104976981878280640e-01
5.508142057806253433e-03
1.619605571031570435e-01
1.200333819724619389e-03
2.575558125972747803e-01
2.195780165493488312e-02
6.154756061732769012e-03
2.021338418126106262e-02
2.454000860452651978e-01
3.357788920402526855e-02
5.950347054749727249e-03
2.204079180955886841e-01
1.849486827850341797e-01
2.652851045131683350e-01
7.852282375097274780e-02
1.903268508613109589e-02
8.156040310859680176e-02
1.632835902273654938e-02
1.081851944327354431e-01
3.279000148177146912e-02
3.250209847465157509e-03
2.010098658502101898e-02
3.772280365228652954e-02
2.161240577697753906e-02
9.762886911630630493e-04
1.563806831836700439e-01
1.676529832184314728e-02
1.446800827980041504e-01
4.298968706279993057e-03
9.623805060982704163e-03
2.582383807748556137e-03
1.465699225664138794e-01
4.929021745920181274e-02
5.821291208267211914e-01
1.813376904465258121e-03
2.330719120800495148e-02
8.749897032976150513e-02
1.144962571561336517e-02
1.183495623990893364e-03
7.192405872046947479e-03
6.376467063091695309e-04
9.765679389238357544e-02
4.754129350185394287e-01
5.495322942733764648e-01
2.243605405092239380e-01
1.084979448933154345e-04
9.775348901748657227e-01
8.277106285095214844e-02
5.209564696997404099e-03
1.862622052431106567e-02
7.766815833747386932e-03
7.916854519862681627e-05
3.187479823827743530e-02
1.676641106605529785e-01
1.343347225338220596e-02
2.521525695919990540e-02
2.446918562054634094e-02
2.878929022699594498e-03
2.133285626769065857e-03
6.600448396056890488e-03
5.467434879392385483e-03
2.440834604203701019e-02
1.634025946259498596e-02
8.406522274017333984e-01
5.557730328291654587e-04
4.412849992513656616e-02
1.280200332403182983e-01
3.102175891399383545e-01
4.470207914710044861e-02
5.744761228561401367e-01
5.353832617402076721e-02
2.552300225943326950e-03
3.099153377115726471e-02
2.711308887228369713e-03
9.091166257858276367e-01
6.390100121498107910e-01
3.157376125454902649e-02
7.911668717861175537e-02
1.319100731052458286e-03
7.173084020614624023e-01
6.524304859340190887e-03
7.197661697864532471e-02
8.829840808175504208e-04
3.177917376160621643e-02
1.141437515616416931e-01
3.369701802730560303e-01
4.754129350185394287e-01
1.190687492489814758e-01
7.889311527833342552e-04
1.279516844078898430e-03
1.160776591859757900e-03
9.707877635955810547e-01
6.454919930547475815e-03
4.439422488212585449e-01
3.291177330538630486e-03
1.143691223114728928e-02
1.357448194175958633e-02
1.415985543280839920e-02
3.927109763026237488e-03
2.642392180860042572e-02
8.717463016510009766e-01
4.915815219283103943e-02
1.067304462194442749e-01
1.760982908308506012e-03
2.779382281005382538e-03
5.214931368827819824e-01
4.244497395120561123e-04
1.319100731052458286e-03
1.279516844078898430e-03
2.197354137897491455e-01
2.010098658502101898e-02
9.707091748714447021e-02
1.475323885679244995e-01
1.508152335882186890e-01
1.152912341058254242e-02
6.965841632336378098e-03
6.424544751644134521e-02
1.044787392020225525e-01
3.245452046394348145e-01
1.038418733514845371e-03
2.626513130962848663e-02
5.693268775939941406e-02
2.864509820938110352e-01
6.848456803709268570e-03
1.252035889774560928e-02
7.931463122367858887e-01
1.692939251661300659e-01
8.022567629814147949e-02
4.072476644068956375e-03
6.927462760359048843e-03
1.146824564784765244e-02
1.101019233465194702e-02
3.180345520377159119e-02
2.191082835197448730e-01
1.405641809105873108e-02
8.373161777853965759e-03
5.568378139287233353e-03
1.423070672899484634e-02
7.755650579929351807e-02
1.549791079014539719e-02
4.025842994451522827e-03
3.297494351863861084e-02
9.787739254534244537e-04
1.133352424949407578e-02
4.466244205832481384e-02
1.925231069326400757e-01
8.678452968597412109e-01
3.561786143109202385e-04
4.369420930743217468e-02
5.156778916716575623e-02
3.598258597776293755e-03
1.812540888786315918e-01
8.294398896396160126e-03
4.877393841743469238e-01
1.600767485797405243e-02
2.397165074944496155e-02
3.997519146651029587e-03
1.037948131561279297e-01
4.858163185417652130e-03
3.643740713596343994e-02
3.450151067227125168e-03
5.886631458997726440e-02
5.616869330406188965e-01
2.513393410481512547e-04
8.178026229143142700e-02
1.297105550765991211e-01
3.550171852111816406e-02
7.577448338270187378e-02
6.369205117225646973e-01
1.956262290477752686e-01
7.024804130196571350e-03
1.657547429203987122e-03
9.954327344894409180e-02
1.259459997527301311e-03
1.368020079098641872e-03
1.506617963314056396e-01
2.313600108027458191e-02
6.355232745409011841e-02
9.821925312280654907e-02
7.875053561292588711e-04
6.474103331565856934e-01
7.197661697864532471e-02
1.423070672899484634e-02
2.444653771817684174e-02
3.321520984172821045e-02
1.300116069614887238e-02
4.053686186671257019e-02
1.448117836844176054e-04
6.472801566123962402e-01
3.718292806297540665e-03
5.055801272392272949e-01
7.098816800862550735e-03
3.187479823827743530e-02
5.788415670394897461e-02
1.511685783043503761e-03
6.514621782116591930e-04
5.367525853216648102e-03
9.020832180976867676e-01
8.252757787704467773e-02
5.026705265045166016e-01
1.223091967403888702e-02
1.067304462194442749e-01
4.388082027435302734e-02
1.879976480267941952e-03
1.607102528214454651e-02
8.531290292739868164e-01
5.503231193870306015e-03
3.297980874776840210e-02
4.243066359777003527e-04
9.706184864044189453e-01
1.184554304927587509e-03
2.132046222686767578e-02
1.226922962814569473e-03
2.550711855292320251e-02
6.281616166234016418e-03
3.042485751211643219e-02
1.141437515616416931e-01
2.643110789358615875e-02
9.966945508494973183e-04
1.033227308653295040e-03
1.808079890906810760e-03
7.250262569868937135e-05
8.373161777853965759e-03
2.329929498955607414e-03
2.805117750540375710e-03
1.825074083171784878e-03
3.829330205917358398e-01
1.241193851456046104e-03
1.280343160033226013e-02
6.504384428262710571e-02
1.123165413737297058e-01
8.361756335943937302e-04
4.976389408111572266e-01
1.951650083065032959e-01
