4.000000000000000000e+00
4.000000000000000000e+00
6.082762530298219339e+00
4.000000000000000000e+00
4.000000000000000000e+00
9.000000000000000000e+00
4.000000000000000000e+00
1.345362404707370985e+01
1.414213562373095145e+00
6.403124237432848531e+00
4.000000000000000000e+00
5.000000000000000000e+00
4.000000000000000000e+00
5.000000000000000000e+00
6.403124237432848531e+00
4.000000000000000000e+00
1.400000000000000000e+01
6.403124237432848531e+00
1.843908891458577415e+01
1.000000000000000000e+00
4.000000000000000000e+00
4.000000000000000000e+00
5.000000000000000000e+00
2.751363298439520833e+01
4.000000000000000000e+00
5.000000000000000000e+00
7.071067811865475505e+00
9.000000000000000000e+00
5.000000000000000000e+00
4.000000000000000000e+00
4.000000000000000000e+00
4.000000000000000000e+00
4.000000000000000000e+00
4.000000000000000000e+00
3.000000000000000000e+00
5.000000000000000000e+00
5.000000000000000000e+00
9.848857801796103928e+00
4.000000000000000000e+00
4.000000000000000000e+00
4.000000000000000000e+00
4.000000000000000000e+00
5.000000000000000000e+00
4.000000000000000000e+00
4.000000000000000000e+00
4.000000000000000000e+00
4.000000000000000000e+00
4.000000000000000000e+00
4.000000000000000000e+00
5.000000000000000000e+00
4.000000000000000000e+00
5.000000000000000000e+00
6.403124237432848531e+00
4.000000000000000000e+00
3.000000000000000000e+00
4.000000000000000000e+00
4.000000000000000000e+00
4.000000000000000000e+00
5.000000000000000000e+00
5.000000000000000000e+00
5.656854249492380582e+00
8.000000000000000000e+00
7.071067811865475505e+00
2.207713749560843723e+02
5.000000000000000000e+00
4.000000000000000000e+00
1.300000000000000000e+01
6.403124237432848531e+00
5.656854249492380582e+00
1.272792206135785520e+01
5.000000000000000000e+00
4.000000000000000000e+00
5.000000000000000000e+00
4.000000000000000000e+00
4.000000000000000000e+00
5.000000000000000000e+00
4.000000000000000000e+00
2.927456233660889495e+01
5.000000000000000000e+00
1.400000000000000000e+01
1.000000000000000000e+01
9.000000000000000000e+00
4.000000000000000000e+00
4.000000000000000000e+00
4.000000000000000000e+00
6.403124237432848531e+00
3.000000000000000000e+00
4.000000000000000000e+00
1.300000000000000000e+01
1.029563014098700080e+01
5.656854249492380582e+00
4.000000000000000000e+00
4.000000000000000000e+00
4.414748010928823163e+01
4.000000000000000000e+00
4.000000000000000000e+00
1.000000000000000000e+01
5.000000000000000000e+00
4.000000000000000000e+00
4.000000000000000000e+00
3.000000000000000000e+00
4.000000000000000000e+00
1.843908891458577415e+01
9.000000000000000000e+00
9.848857801796103928e+00
4.000000000000000000e+00
6.403124237432848531e+00
7.071067811865475505e+00
4.000000000000000000e+00
7.071067811865475505e+00
4.000000000000000000e+00
1.272792206135785520e+01
6.403124237432848531e+00
4.000000000000000000e+00
5.000000000000000000e+00
4.000000000000000000e+00
4.000000000000000000e+00
5.000000000000000000e+00
