2.303313651665806372e+00
2.153572270253404497e+01
-4.160423233936308662e+01
-9.411812005605822762e+00
7.215397847796889863e+00
3.472212976668055173e+00
1.658144258905310808e+00
2.586618140764099572e+00
-1.152774306062662646e+01
-6.128251118131247566e+00
4.425892014463075341e+00
1.887476098214856535e+01
2.020965275187202792e+01
3.474552073678880504e+01
-1.969497092479351252e+01
6.249413043069746543e+00
-1.030237764748332197e+01
-2.639296538520186175e+01
-2.570629813870838554e+00
-1.552174543166071707e+01
-7.436313136181141870e-01
-6.550028608516743622e-01
6.184729070800787376e+00
-1.192071720596517670e+00
2.669440950193811801e+01
-9.617121401347863419e-01
-1.052835339104863266e+01
5.224305193803233216e+00
2.539134472038810486e+01
-1.907359170670320125e+01
-1.782932994869268484e+01
1.043153605127697531e-01
2.737060032236555074e+01
4.501132816082473731e+00
-3.288908684566165808e-01
-2.431862511227388168e+01
-1.945104630037064197e+01
-4.448185606743449938e+01
-1.328952608773249189e+01
4.735898970391757556e-01
1.751606912389929716e-01
8.461060501522427169e-01
1.299682216300906923e+01
3.568963055347682456e+01
-1.581318767771767275e+00
-7.519673272747730230e+00
4.581095688227633245e-01
5.182683695209618691e+00
2.409740198935904854e+00
-9.897492681476776966e+00
-1.951403892448036803e+00
-2.266501048734939872e+01
-2.175891032831344418e+01
8.917270059153443729e-01
4.501132816082473731e+00
-3.156605817407177605e-01
2.272473857804995667e+00
4.771862508319754115e-01
-2.101474898114299705e+01
6.718106209105855875e+00
4.765726572624329749e-01
1.797752635630274431e+00
1.169661039160269134e+01
-1.742215214257263867e+01
-1.082257109916775928e+00
-2.528971546809134097e+01
5.177591891091650744e+00
-1.495308882997053557e+00
2.784866858661942945e+00
1.603375205549179672e+00
-1.464070272313595433e+00
3.377931212271809613e+01
-5.155435726289810949e-01
-5.675304167979781056e+01
-3.161405464569834178e-01
-1.972630900920425034e+01
2.246474819572656756e+01
2.652229044950082937e+01
-9.062564012592460028e-01
1.126590643167711470e+01
-2.414460850235328238e+01
-2.099120318096909799e+01
-1.882131870264362794e+00
4.296846116540492311e+00
5.285298640962333705e-01
2.163625137848037028e+01
-3.012858507744693437e+00
-1.395368765755930163e+00
1.284741055567804047e+01
-9.996294397203875803e+00
2.553147307457643578e+01
7.318583859477999276e+00
5.695390955967656765e+00
3.298765759060677816e-01
-7.288804831673061368e-01
1.381632901384882706e+00
-1.923985176272041286e+01
-9.416487223551463615e+00
3.012011766275727975e+00
-1.552297494657781307e+01
-1.586826650407689332e+00
4.501132816082473731e+00
-2.884502144581353456e+00
1.318294248585671014e+00
-4.056240738074556873e+00
2.193066989368324116e+01
-1.031400693687355208e+01
2.739930663967381719e+00
4.370745698390381406e+00
-1.526955889935006416e+00
2.869157125379647510e+01
1.076086615263053492e+00
-2.963366508760249651e+00
3.315516286393353340e+01
3.420544381586448424e+01
3.021619953929462810e+00
-2.466120109762647772e+01
5.572024004565174771e+00
1.942245265794842268e+01
2.435856110819295850e+01
1.489746746510436370e+00
-1.321437117938448580e+01
4.501132816082473731e+00
1.623379228348163783e-01
3.503564725872113872e+00
-2.126101049589620473e+01
3.300650880660383990e+01
2.996292067324583996e+01
1.078398266275151407e+01
-3.066116031549135101e+01
-2.856463224354806929e+00
-3.550097383559406516e+00
2.317042062364624755e+01
-2.148290822234564956e+01
3.073536614193785965e+01
2.922003755801607205e+00
6.856435194526631527e+00
-1.643310224656126417e+00
-1.710415750054361794e+01
-7.444445512334524340e-01
-2.311442975223670579e-02
-1.476563006622900465e-01
-3.137088498554332716e+01
-1.733610363371963814e+01
-2.128329668486647464e+01
-2.462798948059884552e+01
1.800478451176690919e+00
-2.379887399221054167e+01
2.019770934687705832e+01
1.881983543392424352e+00
2.533407648315142779e+01
9.825048082974502384e-02
-2.540242170253009135e+01
2.871380252792177146e+01
3.630479357627146442e+01
-2.072654602338359098e+01
-5.208692189819308371e-01
-1.935718241608846757e+00
-2.165631512384097590e+01
1.035478798927515420e+01
-5.979109573150855894e-01
8.370994265727176753e+00
2.260295017082695423e+01
7.515104071858281998e+00
3.222615252322605528e+01
6.307328983920796883e-01
5.805113700339898486e+00
5.425436598943385036e+00
-1.960453015590908876e+01
3.250401302476217325e+01
3.407836475678590205e+01
2.230893625367529776e+00
3.798345382796701752e+00
-2.373574219430722820e+01
2.980296405907829627e-01
-2.203666920425649600e+00
3.216355335823810058e-01
2.347820569676404290e+00
1.651705657451534748e+00
-3.928332186108804791e+01
8.122455896647871043e-01
2.240435889022723970e+01
2.235726654850330064e+00
2.543786247744083084e+01
-4.249693021455188124e-01
-1.120559328560634604e+01
7.412816411190935595e-01
-1.381437392279897125e+01
3.468166073998913412e-01
3.630562569600268574e+00
-1.987271665954442712e+00
-1.457021071444145610e-01
-8.260440867734337722e-01
2.317219189444227112e+00
1.124060828182314120e+00
3.317449829044291931e+01
1.495642562013847821e+00
1.441813864580589133e+00
5.223784768646748233e+00
2.781565447169366578e+01
1.467446554486706312e+01
-4.249693021455188124e-01
9.034928518771009109e+00
-2.194662663476941233e+01
2.894366194272186110e+00
9.847023471748604706e+00
5.089739784497977482e+00
3.141055633956153414e+01
6.361608138736956075e-01
2.682252094554575805e+01
2.948522617772299181e+00
-2.511894854104984987e+01
-7.133228951884001745e+00
-1.275529721391318638e+01
2.097556949806599036e+01
3.592688544048890265e+00
3.613370976977495275e+01
5.281427718091196155e+00
3.481829101594016151e+00
1.197397935814292325e+00
-1.529908037151400224e+00
-2.915849988747623023e+00
-1.679550576876155832e+00
3.024930480647401981e-03
-9.222625408606838215e-01
4.326778621756592891e+00
2.352856169795119801e+00
3.566166192680984892e+01
-1.753901280906325466e+00
3.128542469044167107e-01
-1.623056591646266611e+01
-3.890850053723426960e+00
2.307332451214727964e+00
3.389778043887630599e+00
-1.979686775527983755e+01
3.223985842047669337e+01
9.433401327269319570e-01
5.182683695209618691e+00
-1.020092403401778824e+01
-1.635516027924139237e+01
1.349817256903133078e+01
-5.565908563228083583e-01
-4.521124701406568747e+00
-1.545736081569376363e+00
2.286556895080626006e+01
1.700282710897194627e-01
3.836009433536335056e+00
6.873327037957412955e+00
2.258746076467163277e+01
1.496608305701155849e-02
-1.116826924213306782e+01
3.221981239878101633e+01
-6.005118298448990366e-01
-1.531519665153512832e+01
2.633681341990116564e+01
4.685586922557130940e+00
3.413825549479344090e+01
1.861527256966729382e+01
-6.643189850835292454e+00
5.046341937482426765e+00
-8.260440867734337722e-01
-1.740652864324756521e+01
3.417299830094488300e+01
-1.577588202577025811e+00
1.054409545666948445e+00
-4.479808390469464996e+01
-2.612282454558651601e+00
5.729917568455699106e-01
-7.519673272747730230e+00
-1.407465382552489208e+00
9.184005809609105953e+00
3.204212115889474966e+00
3.276050910506771174e+01
1.200302645398011414e+01
5.070887897773205255e-01
1.171093059178282836e+01
-1.014405640900261218e+01
8.274285334322360796e+00
-1.055332412452723245e+00
-1.890357115259043397e+01
-1.291246973167860190e+01
-4.556763623801706409e+00
4.256491315580931634e+00
2.133014154487675640e+01
-2.444817065063772077e+01
2.474153828060428939e+00
-1.096174076984767431e+01
6.434064312323751977e+00
-2.184300369028467248e+00
2.009103206029955047e+01
1.768328536368767345e+01
-1.383903689850421870e+01
1.283743984492230927e+00
3.592169994952918444e+01
1.353545610776350383e+00
2.416671267735546191e+00
-1.951403892448036803e+00
4.501132816082473731e+00
1.081286311764102948e+01
-2.445803790031563096e+01
5.363661008827980226e+01
-1.554850368918187398e+00
6.448274039555183634e+00
7.194496269263649602e+00
1.658998081692993898e+00
-3.208245744421197809e+00
2.965604872061453179e+00
2.487039230180814187e+00
2.637231434559953058e+01
4.810826333337982597e+00
3.774162356264640028e+00
3.332709300598061919e+00
2.068559414547312070e+00
-6.785887787809321559e+00
1.145792444213292738e+00
3.645170829245847699e+01
-1.778952365165346094e+01
-1.383466501587050423e+00
1.699369041669920088e+00
-1.410604683262357995e+01
5.808328076147943442e+00
-1.830655020769104979e+01
4.865134422634524114e+00
1.097411364262624728e-01
8.133879217527532290e+00
6.732973626314140425e-01
3.555118455666528376e+01
-1.068892943570553911e+01
-1.154766080459100897e+00
1.238175305741333387e+00
-2.511894854104984987e+01
-6.321384795956149771e-01
-1.931082520332087427e+01
9.935122587838337793e+00
1.719034662995466700e-01
3.263243943267168845e+01
-2.102159848504112460e+01
8.042631721862024463e+00
1.330364717899856997e+00
-1.314174583650250305e+01
-7.409266273711345718e+01
-2.077935156857118937e+00
3.079439425643556660e+00
1.916772330017874282e+01
1.017973015231454781e+01
-1.200723350253053212e+00
2.586618140764099572e+00
-2.721328392368965732e-01
-4.305485639884807370e-01
8.322659549215348562e+00
-1.650306932170191132e+01
8.623106168231144508e+00
1.658144258905310808e+00
2.162833184731238845e+01
3.171008065845409973e+01
-1.529908037151400224e+00
-2.013791433556550992e+00
-4.307611478334573363e+00
1.811864179530681795e+00
2.029915125241945617e+00
-3.538802759466652681e+00
-5.175165516881111039e+00
-3.110897814818683216e+00
2.078922152521647604e+01
-2.527927539499710363e+01
2.549244988747836160e+01
1.581850152546343047e+01
3.292326447063170125e+00
9.825048082974502384e-02
2.527582173951637312e+00
-5.157129818024363210e+00
3.495181726370932385e+00
3.137348401075336568e+01
1.786618003642639252e+01
2.524157422285528529e+00
-1.007800935383458274e+00
1.647193399097293209e+01
1.953489282706534491e-01
2.359101509918538397e+01
-3.167431517657074980e-01
2.087174209870260100e+01
7.538755021415910917e+00
-4.657529031449101353e-01
4.051366939804966094e+00
-7.156529864400709151e+00
6.958506390040709277e+01
1.645501967312300806e+01
-1.249832817257069806e+01
-1.188274782338078372e+00
9.056293220152331624e-01
7.487469487670552759e-01
-2.617089963142553799e+01
-5.319625327088683964e-01
-3.762240310085863682e-01
3.246616115645028611e+00
-1.029113845357050749e+01
-1.223891622434451243e+01
-8.116021386473340371e+00
-3.485475018546318471e-01
-1.308366034392284583e+01
-2.513134063482812763e+01
2.230893625367529776e+00
3.335047385754788962e+01
-1.785883175236810416e+01
-1.798357979635985870e+00
2.831661696646275672e+01
-1.565343952475866107e-01
-1.225599197318745004e+00
-9.462743153141342844e+00
4.501132816082473731e+00
-7.653681057225729667e+00
3.108402923522472960e+01
-1.511982401558108480e+00
3.361363282251796392e+01
-1.846587728188033850e+01
6.608633077859836502e-02
9.657000586973259360e+00
-4.599561518516661174e+00
3.340342835430185175e+01
1.142369439137235876e+00
-1.038096529313231375e+00
-2.102986817678819953e-01
-1.734230398902796288e+00
7.670850428536086341e+00
3.142194820665463695e+01
4.349234064030932245e+01
-4.657529031449101353e-01
3.157688420901685333e+01
-8.381769127436453637e-01
-3.491986012937381201e+00
-1.006529541686225926e+01
3.850708238948694628e+00
-2.008560871951000237e+01
1.103346297586535130e+01
-3.553556810269090427e+00
-2.976426480038676203e+01
-1.213218502532026344e+00
-8.464943474180408600e-01
-6.750933048160852046e+00
8.385369689013785433e+00
5.725136979852411656e+00
-2.504541945160125493e+01
4.900061412916461911e+00
-1.192071720596517670e+00
1.552456806222132446e+00
2.013390558194821267e+00
-2.489976306267139705e+01
3.340342835430185175e+01
-3.491986012937381201e+00
5.572024004565174771e+00
-5.175165516881111039e+00
1.959365323807129755e+01
-1.169347705385419767e+00
2.897602002674718680e+00
-2.621958612450027815e+00
-9.416487223551463615e+00
1.363754639059902374e+01
-1.145436661076482210e+01
1.422888058062016459e+00
-2.101274747368616858e+01
2.534862807991363542e+00
-2.439057287919625594e+01
6.616535793128013765e+00
-1.563799848611868093e+01
1.043885803303417958e+00
3.464756289821708801e+00
2.217040300331236224e+01
2.343693992378132140e+00
3.543333386709094412e+01
-2.432480478967904602e+01
-1.180696523624260230e+01
5.913640916964261196e-01
9.248267809011339047e-01
4.989112030791639008e+00
3.073536614193785965e+01
2.078790755970817639e+00
3.460287943229567453e+00
-1.451483539695531455e+01
2.770493732160785427e+01
1.940841554657909196e+00
3.543085266526330912e+01
5.180222580579165736e-01
2.553955044955864651e+01
-3.450571712362565657e-02
-7.414805424640298348e+00
3.205664803164329335e+00
2.613093666501711820e-01
-4.289665385660679675e+01
2.829963691610972987e+01
-2.963366508760249651e+00
-2.012402870653016507e+01
5.695390955967656765e+00
-7.245953830835540010e+00
2.559738940735080348e+01
2.943716174242793215e+01
-4.717027129558305276e+00
-1.528000337577213941e+01
2.151651641471907517e-01
-1.324748737453986358e+00
6.477203737758857827e+00
-1.535654089044826920e+00
-1.273094885586298730e+01
-6.500345417260992242e+00
-6.321384795956149771e-01
-7.250110669017199028e-01
-3.147023283134356975e-01
-3.998425866714213628e-01
-7.021739801887753041e-01
5.764466098065867072e+00
2.500818309683263152e+01
-1.302963163059532192e+01
-1.568584915187083517e+01
-1.562693105952939754e-01
-2.069544038268758968e+01
-2.140160297735294392e+01
1.187662874018250658e+00
2.235726654850330064e+00
1.892356861875460039e+00
4.630230726883558523e-01
3.171698907020141078e+01
5.012389283001990492e+00
-2.102986817678819953e-01
-1.451483539695531455e+01
1.489746746510436370e+00
4.676422460975650508e-01
-1.192497465031972759e+01
5.956341832729878050e+00
3.012571252541684075e+01
5.012020873516644492e+00
-4.114817736942081439e+01
2.053650591049434482e+00
-2.216593020063102770e+00
-5.319625327088683964e-01
1.031566356840858134e+01
-8.665165524026607002e+00
-1.322571343607329197e+01
-4.927362425328775108e-01
1.282435435070136620e+01
-2.214382949040757609e+00
2.685611012427336419e+01
1.935261138050102581e+00
4.900061412916461911e+00
-1.264459258801205621e+01
-1.505522589663372557e+01
-7.406676926776557535e-01
2.230041733859071584e+01
4.367736870320837461e-01
8.167964883509238661e+00
-2.573496219579446631e+01
3.691628983803725728e+00
-1.054724119279834582e+01
-1.522944406094978442e-01
2.328797085706357350e+01
5.074480914712933138e-02
9.285858430170623734e-01
-2.620124269309038567e+01
3.142194820665463695e+01
-2.240187762104471858e+01
-2.786149996119068817e+01
-1.249378645904199736e+01
-3.594361485438045012e+00
2.781565447169366578e+01
2.078790755970817639e+00
1.195807475388323216e+00
-1.230974505258414808e+01
1.518273235455589232e+00
1.929387319661937994e+01
1.364746634925300794e+00
-1.842312043697945612e+01
-1.837220309257775908e+00
1.169091416041402320e+00
3.659372634641488986e+01
2.603206769237794660e+01
2.950837289455002477e+01
