1.786874337302415370e+02
-1.752959458997776210e+02
1.795562755772249943e+02
-1.792216401800285439e+02
-1.785644386839724120e+02
-1.784467188267297502e+02
-1.797889455621226489e+02
-1.782835645155883526e+02
-1.797167318008829398e+02
1.791102676521307728e+02
-1.795634631240570798e+02
-1.778824340392214083e+02
-1.764422270647548885e+02
1.780175495864887125e+02
-1.766026603865304878e+02
1.794364355569052520e+02
-1.794073453117981387e+02
-1.746557597405386844e+02
1.793098642696581351e+02
-1.758146343360945423e+02
1.782333276530654302e+02
1.796911529038722506e+02
-1.773734707442670242e+02
1.789280244749349436e+02
-1.206031406470873009e+02
-1.777699173743860683e+02
-1.797081103114531686e+02
-1.785832309192366552e+02
-1.783784162164222948e+02
-1.750136124617611131e+02
-1.791160101485118048e+02
1.787495517777477119e+02
-1.791103375716930088e+02
1.529197996994812456e+02
1.791238736898058050e+02
-1.746757326724739983e+02
-1.786914951562686440e+02
1.281146722622119114e+02
-1.703508891025332730e+02
1.790482266257406252e+02
-1.798616857924053818e+02
1.787713583487174276e+02
-1.779718342175231669e+02
-1.496253926124770715e+02
1.794698413003875714e+02
1.797219469225623527e+02
1.791401942113050438e+02
1.795804308919790628e+02
1.797383802284501542e+02
-1.707787276746204270e+02
1.763555679660286160e+02
1.777358649249775056e+02
-1.774637839212683161e+02
1.789155670407507728e+02
1.529197996994812456e+02
1.789398529241000233e+02
-1.798658300221124762e+02
1.780257837232981331e+02
-1.727639552014597655e+02
-1.774471379235452559e+02
1.787560191706727437e+02
1.795565672607269221e+02
-1.781682809703281691e+02
1.769713835294064666e+02
1.787561868109312684e+02
1.760179046995729095e+02
-1.763410052330758617e+02
1.792647256278795851e+02
-1.785637795106904946e+02
1.795220020377616379e+02
1.792043407038064800e+02
1.792626826549595762e+02
1.790717613343278458e+02
-1.002889065169688649e+02
1.791871650244572152e+02
-1.765822799617637884e+02
-1.770401420878737326e+02
-1.791751399059912728e+02
1.770194851826561830e+02
1.769340601929406773e+02
-1.739393583131133028e+02
-1.795909404151095430e+02
1.780697244495674170e+02
-1.764425963857910915e+02
-1.797720139684187188e+02
-1.777401486423867709e+02
1.779154574189100231e+02
1.787394996645424499e+02
-1.772546530851903981e+02
-1.736203656185063267e+02
1.797091256466750906e+02
-1.793708982848612550e+02
1.795600732311737318e+02
1.795292007692958975e+02
1.790786972216269533e+02
1.796000614741005563e+02
-1.796246771227851298e+02
-1.791594320008260581e+02
-1.799673984742021844e+02
-1.771627950037005803e+02
1.792643489467567406e+02
1.529197996994812456e+02
1.778391862621217285e+02
1.787216330878042925e+02
-1.799495975971106247e+02
1.797852868152206440e+02
-1.775184080820569648e+02
-1.799011740092459775e+02
-1.791907515487145020e+02
-1.799824395995435111e+02
1.799501629224371584e+02
1.791619457175225989e+02
1.797049607796671751e+02
1.785958167543728621e+02
1.775935226727940801e+02
-1.790047400308684473e+02
-1.750549116627415458e+02
1.795924248086396346e+02
1.777129038982156715e+02
-1.781837205456761239e+02
-1.771888730375984267e+02
-1.765611370007888752e+02
1.529197996994812456e+02
1.797037856905284627e+02
1.795672312444026772e+02
-1.761337948219319287e+02
1.753403541184701169e+02
1.790387340047542182e+02
1.796681463436993056e+02
1.201514811934685127e+02
1.768292893191038218e+02
-1.796846605407837387e+02
-1.792226729648092487e+02
-1.780880277017101605e+02
1.799440673840824729e+02
-1.778061900110686224e+02
1.798910674567546550e+02
-1.798114190600998370e+02
-1.791703683009246504e+02
1.782333276530654302e+02
1.797915559879570537e+02
1.778747294632892135e+02
1.581608106007784045e+02
-1.726883353384946815e+02
1.698412368121960867e+02
1.743351726106343165e+02
1.766829691711278656e+02
1.744026735825705430e+02
-1.779476594545217267e+02
1.792059692209951436e+02
-1.798127068452807009e+02
1.793126832384751594e+02
-1.748915406940555499e+02
1.798439909153207736e+02
1.779612894755624382e+02
-1.737585178231908856e+02
-1.792529965199100559e+02
1.776326150336992669e+02
-1.789606458036180641e+02
-1.779840385941646446e+02
1.793131826498178043e+02
-1.799274975863272061e+02
-1.788415232616768833e+02
-1.777688470501473432e+02
-1.103142977782582932e+02
1.540899320678314268e+02
-1.767365879670487914e+02
-1.763589338024699202e+02
-1.767749213250510820e+02
-1.799615846949756133e+02
1.794466597267891643e+02
-1.776165884578462624e+02
-1.778285299232658190e+02
-1.757123689754442069e+02
1.791648800904689836e+02
1.786619134137673939e+02
1.797961426244382892e+02
-1.791172526721429961e+02
-1.795974614817112354e+02
1.437525712827811049e+02
-1.795853000122552032e+02
-1.790704148304671435e+02
-1.793958975921891863e+02
1.797835798883530458e+02
1.795151924072983434e+02
-1.795509382086925143e+02
1.541635612610052704e+02
-1.719070683993274429e+02
1.791346287110925175e+02
1.784107757830869048e+02
1.545557873631517225e+02
1.780092433376662484e+02
1.791685621200867331e+02
1.799406934002036849e+02
1.784592761105212162e+02
1.781983205373978478e+02
1.777854878051577430e+02
1.789093507262148819e+02
-1.785832309192366552e+02
-1.794364965765267641e+02
-1.783471365499899832e+02
1.795151924072983434e+02
-1.795042741206151220e+02
1.745654774106036768e+02
-1.794111903872269238e+02
-1.795667426553225425e+02
1.772193610847377840e+02
1.795440429440969297e+02
1.799164411368609535e+02
-1.783072918975867935e+02
1.796817715142679788e+02
-1.764516246853626171e+02
-1.762530403825062137e+02
-1.716668417104801847e+02
-1.777505162650687964e+02
1.796824959547601281e+02
1.777194782383811855e+02
-1.774649369653546671e+02
-1.781315116170471242e+02
1.798717079263038272e+02
1.784129302140502489e+02
1.794141495875992973e+02
1.798631126179459443e+02
1.779995499622826571e+02
1.798784758249068432e+02
1.795410849234081923e+02
-1.793963672368531945e+02
1.777965668134800410e+02
1.785762351263356322e+02
1.792497572586279659e+02
-1.758074341786480375e+02
1.765593072117817428e+02
-1.779096213214082525e+02
-1.787610299750841989e+02
1.721150471457821709e+02
1.797525227804358678e+02
1.790855810653592357e+02
1.795804308919790628e+02
-1.729832485761314445e+02
-1.777632505455948433e+02
-1.780617267507712711e+02
1.780553519246538769e+02
1.565800677539054391e+02
1.788083170510167292e+02
1.707010241768228980e+02
1.795285761931432944e+02
1.799712943092956152e+02
1.781498294593721994e+02
-1.774044446075548365e+02
-1.797350039380042404e+02
-1.793366198906754789e+02
-1.103910745662841748e+02
1.786655102635655794e+02
-1.775375880114748099e+02
-1.788918795809728124e+02
1.778219471476119793e+02
-1.339017098833692216e+02
1.770115930677616234e+02
-1.748702695679974113e+02
1.766117392996524700e+02
1.791685621200867331e+02
-1.784930052108072402e+02
1.794466597267891643e+02
1.791652738116519288e+02
-1.793807178297971916e+02
1.676429245351076247e+02
-1.777363348214371399e+02
1.795012250501681024e+02
1.797219469225623527e+02
1.790694004031513487e+02
1.785228417062289736e+02
1.794179354850166135e+02
-1.713033795097566099e+02
-1.795345772501290469e+02
1.799546522529520587e+02
-1.770399705681919613e+02
-1.796697158319479115e+02
1.782394969179962629e+02
-1.796451638378018458e+02
-1.784837627737371406e+02
-1.791645904459465726e+02
1.788536775743747285e+02
1.786078972977894352e+02
-1.765165657064324876e+02
-1.739414435212654269e+02
-1.773159597158559109e+02
-1.769965374273453449e+02
-1.779785849186739597e+02
1.784734246944832137e+02
-1.786641881508764698e+02
-1.791520011753147514e+02
1.796145892414342597e+02
1.773775860171088254e+02
1.787730099981739613e+02
1.787923019169306542e+02
-1.792674113686703663e+02
1.763555679660286160e+02
1.529197996994812456e+02
-1.774561720805434959e+02
-1.732854533216929269e+02
1.340062795005028988e+02
1.796968095865154282e+02
1.785153788949364184e+02
1.792035996268499503e+02
-1.797889455621226489e+02
1.783047411296003872e+02
1.796844106658480769e+02
-1.793849811869322934e+02
-1.789692756520938133e+02
1.796740776938445663e+02
1.529890817778270105e+02
-1.791376012000515061e+02
-1.798690930818314655e+02
1.797043316030547828e+02
-1.798012524060857515e+02
1.771722067546632218e+02
1.740033650282986741e+02
1.779717105229748881e+02
1.783149942572722466e+02
-1.784657225293094029e+02
-1.785050672616386578e+02
-1.787372646180239997e+02
-1.782770380896521942e+02
1.793862122417821752e+02
1.797123121365314660e+02
1.787302985854395274e+02
1.778356653078899114e+02
1.798710706563673511e+02
1.791217007241659758e+02
1.776024649453032112e+02
-1.764516246853626171e+02
1.794866972915521330e+02
1.698457128756428176e+02
1.791949726237772609e+02
1.790943699424144313e+02
-1.712149258856627796e+02
1.785351036066180370e+02
-1.776523867144197197e+02
1.791542203100871689e+02
-1.746389537214352288e+02
1.278379162252917354e+02
-1.799972103894788233e+02
1.799829077696933837e+02
-1.789098191434245564e+02
1.792459564850015283e+02
-1.797618168946077901e+02
-1.782835645155883526e+02
-1.797951333811528514e+02
1.792819537286606817e+02
1.786676482882089374e+02
-1.749628946343180189e+02
1.797095006808676771e+02
-1.797889455621226489e+02
-1.795944660405365596e+02
1.795104967146702108e+02
1.784129302140502489e+02
1.764113469026010534e+02
1.795291959337820060e+02
1.792229244433006556e+02
1.794889816640719573e+02
1.784739487444421684e+02
1.791934508320904911e+02
1.776181883083426101e+02
-1.772458855949472536e+02
1.785671672757237047e+02
-1.793122389667424557e+02
1.788032553719017699e+02
1.797550742061150402e+02
1.793126832384751594e+02
-1.771932958916199254e+02
1.557220627241675004e+02
1.783076242382073247e+02
1.784035708202887065e+02
-1.787716948066927216e+02
1.789036782966651629e+02
1.787264824438001085e+02
-1.799075200483106300e+02
-1.798664401418362502e+02
1.082493508057778087e+02
1.784009710617204973e+02
-1.794097363170108963e+02
-1.798083190663234348e+02
1.795377822738325051e+02
1.779263083366270450e+02
1.783654112587040288e+02
9.311864041952480875e+01
-1.773834500530595903e+02
1.796074975271415326e+02
1.796186442667635674e+02
-1.799887649068389521e+02
1.799164411368609535e+02
-1.716559185216796379e+02
-1.793901127239199127e+02
1.783697532666261907e+02
-1.793644392020191560e+02
1.477256398852455277e+02
1.606798461749930311e+02
-1.742956626402497875e+02
1.795250470665093303e+02
-1.779585723776681618e+02
-1.757190039534240498e+02
-1.776165884578462624e+02
1.773366197954543395e+02
-1.791160101485118048e+02
-1.797432337974613858e+02
-1.791647507752032880e+02
1.788205926570286124e+02
1.790384937037057398e+02
-1.792391873336189860e+02
1.529197996994812456e+02
1.529802420279492026e+02
-1.187343631661989889e+02
1.783137859536607834e+02
-1.774163581966653567e+02
-1.791494569967803159e+02
1.792429985950491869e+02
1.793479035352225992e+02
1.764956637121439940e+02
1.797945044855310073e+02
1.791756384036285397e+02
1.797773031290121253e+02
1.798636599602757826e+02
1.797300379489521163e+02
1.788301481250286145e+02
1.795438638429066316e+02
-1.418428502805119535e+02
1.795377822738325051e+02
-1.507982484090872788e+02
-1.798449081099383875e+02
-1.782387144358738453e+02
1.798953850826721919e+02
1.789505041530360643e+02
-1.736761262458323642e+02
-1.788906710041880217e+02
1.784677581218242608e+02
1.111165446813189135e+02
1.772636866669257074e+02
1.790180103930964606e+02
1.777794928639168575e+02
-1.792649517421004361e+02
-1.773546330845175589e+02
-1.745659481856573052e+02
-1.792621552902840563e+02
1.789280244749349436e+02
1.799370396244291328e+02
1.799818890927042787e+02
1.529286791479709393e+02
1.797945044855310073e+02
-1.782387144358738453e+02
1.795924248086396346e+02
1.791934508320904911e+02
-1.782010174733720760e+02
-1.794039327964100607e+02
1.795634882838411670e+02
1.758075312108014998e+02
-1.791594320008260581e+02
-9.634244647943356199e+01
-1.787957727323622521e+02
-1.795929252606824491e+02
1.751192665531877708e+02
1.795622955346798619e+02
-1.741303148353055974e+02
-1.760907531582280967e+02
-1.751563824129194415e+02
1.790367056813432498e+02
-1.798762355878132837e+02
1.797819400440927211e+02
-1.791172526721429961e+02
1.780204319750615696e+02
-1.749437411402558951e+02
-1.786741390518571677e+02
1.799545938840969370e+02
1.787738903746348740e+02
1.781510233603005418e+02
1.799440673840824729e+02
-1.799680190926998762e+02
-1.781315116170471242e+02
-1.774361270122992948e+02
-1.798232460997528221e+02
-1.770644884477941048e+02
1.778449827907132033e+02
1.791471257115363755e+02
1.472583483640335373e+02
1.779027648977340448e+02
1.790986557230532412e+02
1.788843662948954716e+02
1.787461342129895456e+02
1.631792769915975896e+02
-1.791700380352958177e+02
1.797049607796671751e+02
-1.779570147582710717e+02
1.795600732311737318e+02
1.788869296682985919e+02
-1.781712182797047603e+02
1.792196922774518839e+02
1.762010021631078871e+02
-1.774653887196807034e+02
1.789986093584329012e+02
1.786530289035678152e+02
-1.786950583674222059e+02
1.792490748154776270e+02
-1.778754179601068586e+02
1.785636631190485275e+02
1.794866972915521330e+02
1.792605510624817953e+02
1.784818576820051987e+02
1.795868952979216715e+02
1.787680372740380221e+02
-1.759296154252553492e+02
-1.764299836894759039e+02
-1.773223740793628167e+02
-1.775214164629850018e+02
1.786609026451456828e+02
-1.796404757438925799e+02
-1.768391828210394010e+02
1.793832598149512876e+02
-1.793958975921891863e+02
1.794999092218930627e+02
1.790329573853043428e+02
1.769700562345481103e+02
-1.786452455844909082e+02
1.798636599602757826e+02
-1.774361270122992948e+02
-1.771888730375984267e+02
1.790193707398619551e+02
-1.767483441597851481e+02
-1.788635915062378672e+02
-1.769720349171327882e+02
-1.786452455844909082e+02
1.689660943666287380e+02
-1.798690930818314655e+02
1.436640174470716431e+02
-1.793901127239199127e+02
-1.780864356248178524e+02
-1.772759139985365948e+02
-1.743160890036747901e+02
-1.794235058683584043e+02
-1.779063537941601396e+02
1.771649065067705067e+02
-1.787550187514619324e+02
1.766842219168747761e+02
-1.792621552902840563e+02
-1.776479136808679016e+02
-1.729956336679509832e+02
1.785530013633241708e+02
-1.786969869218816598e+02
1.797962609492144281e+02
1.788726269799638260e+02
1.782175866899468986e+02
1.789607852986217438e+02
1.796768640354459023e+02
1.786996794957501322e+02
1.014852285764573026e+02
1.798581410593081955e+02
1.784198400939462203e+02
-1.744635644354044075e+02
1.795438638429066316e+02
-1.723567642196573502e+02
1.724344590049931014e+02
-1.750274884193098615e+02
1.787563914340702524e+02
-1.794364965765267641e+02
-1.799680190926998762e+02
-1.797870644973720573e+02
-1.707189731851088652e+02
1.786806597154972280e+02
-1.786978093097578437e+02
1.795843545005577369e+02
1.728062925416935798e+02
1.790019324343470544e+02
1.798121291824528498e+02
1.785536592595505283e+02
-1.783786691540066727e+02
1.786350256946174113e+02
