-2.293679054852188770e+01
5.888423601469644275e+00
-5.739685963594359208e+01
-1.771011355076214144e+01
1.747026980783716255e+01
2.408674397380216803e+01
9.778445440934218524e+00
2.820378157198616975e+01
5.189778647676473788e+00
-1.850992983954430571e+01
-3.452956987337099548e+01
6.959356843506497858e-01
-7.832113620264986587e+00
-1.056416478241285084e+01
-1.097148464697329295e+01
-2.584685956569847676e+01
-5.887936934160475033e+00
-2.291783623726293229e+01
-1.502446307442494700e+01
3.471786555233039806e+00
-2.362679338969666887e+01
-9.516827606186426536e+00
2.579691695826583242e+01
-1.236712900593450648e+01
-2.534614515361612774e+01
-1.587911888995172127e+01
-5.850601565379768054e+00
2.797514768456996848e+01
-5.960377875566158501e+00
-2.901018168269729713e+01
-3.264206711814447104e+00
-1.329732984938396889e+01
-4.824688554954334130e+00
1.231911983162364699e+01
-8.006941015032884579e+00
-2.784735614275616911e+01
-1.286681440937715060e+01
9.842881362644033061e+01
-1.569938245977937008e+01
-2.077152059933204242e+01
-2.422301836092301031e+01
-2.217939030019914881e+01
8.934101462494790979e+00
4.475243065028121947e+01
-1.233875116748140854e+01
-2.049215675294021466e+01
-1.585801640464037021e+01
-2.525545130207741806e+01
-1.733073010197502484e+01
2.950007786133217280e+01
-1.653545326890494849e+01
-1.236179426922954505e+01
-2.847678837777865368e+01
-2.610898238832328744e+01
1.231911983162364699e+01
-7.900951917497273769e+00
1.901854791168866399e+01
-1.083367761589261313e+01
-1.241624547958258518e+01
2.586402774111221703e+01
-8.616747074142244500e+00
-1.270725782774430179e+01
1.073306611958346224e+01
-6.890585047634763427e+00
-1.569030790220600480e+01
-1.655180669762303658e-01
2.856803926367703639e+01
-1.009052537154957463e+01
-2.089263305394522874e+01
-8.370394061940814368e+00
-1.687114744612692618e+01
-6.938003549256098523e+00
-9.846715793146454843e+00
-5.595591319352431725e+01
-9.409228357070855253e+00
-1.247973576259664874e+01
-4.014736117106021851e+00
-1.145695577952095334e+01
-3.011095130358666339e+01
-6.813522363101391477e+01
-2.763687887604780258e+01
-1.664651010087913008e+01
-1.664216604020907297e+01
2.587174158311176697e+01
-1.836953876235449812e+01
-3.492190829455588674e-01
-1.260039180778993684e+00
-6.809661934334632960e+00
1.681129772688910862e+01
2.739961640028412759e+01
-1.153390620711149950e+01
-2.553305854094197613e+01
-4.473226269374279696e+01
-1.442150711672555374e+01
-7.177784257662339407e+00
-1.950346451560956851e+01
8.641629549388060383e+00
-2.287746095413123015e+01
-1.844186655005904996e+01
5.739392505551333734e+00
-1.633953534398335705e+01
1.231911983162364699e+01
-1.416054251192021951e+01
-2.237236034009275087e+01
2.893571459870192708e+00
-1.045972146826913196e+01
-3.214523716852498580e+01
-7.633966135719743917e+00
2.826696499895286507e+01
-1.527634126355207123e+01
-1.147057013986652585e+01
-9.810932036726814687e+00
-2.479449775200591688e+01
-1.093370201628489902e+01
-8.686272188950134421e+00
4.820891881418114977e+00
-2.844679854105695682e+01
-1.826663959296247342e+01
-4.569312931273371703e+01
-4.598831624400554929e+00
2.857838632814883795e+01
1.341246771510765967e+01
1.231911983162364699e+01
-5.340320295812623907e-01
-1.110101973309756040e+01
-3.565511889552492164e+01
-1.163414559037406271e+01
-8.347049826930145855e+00
-2.151159175679859104e+01
-1.871748122863911590e+01
-1.907670846503905793e+01
-1.128303366549621822e+00
-1.382528745224839284e+01
-3.274216917653312464e+01
-1.021997349574519731e+01
2.737126658185229644e+01
-3.010047793333204424e+01
-9.342009903313647001e+00
1.216609678568493225e+00
-2.361556956084884007e+01
-5.667211925416806295e+00
-1.391040348248551339e+01
8.975102562092163794e+01
-1.529342558092415594e+01
-3.873186254137423568e+00
-2.255713686745319180e+01
-6.697224971157075046e+00
-2.185439353254863448e+01
-3.315721414513516319e+00
-1.802466493788297086e+01
-1.034847867257326826e+01
-1.589171545663251628e+01
-2.575552359421972071e+01
-9.996200932657551164e+00
-1.053341995056046443e+01
-2.432531122750881281e+01
-1.007966647604783716e+01
-1.466876984335052292e+01
9.855709606992936855e+00
1.534201436475938785e+01
-6.319869397277710021e+00
-4.371668957355368690e+01
1.085993524917565400e+00
1.594932453455099619e+01
-5.367110777537037691e+00
-1.566027213297988752e+01
2.800327672523011557e+01
2.917597265835781073e+01
1.698032013923886296e+01
-1.347008769591287702e+01
-9.551611139234495340e+00
2.586366788165622665e+01
3.076029029707352791e+01
-2.687062415843831431e+01
-1.220817867418792346e+01
-6.537845619354042626e+00
-1.139488358586594074e+01
-1.644345903841189482e+01
-1.315878788147376710e+01
-2.461407055885038986e+01
-3.638921305079228508e-01
-1.530519119294098473e+01
2.155619559946172714e+01
-7.044462013648690402e+00
-5.021381799824490066e+00
5.826947706286071949e+00
-2.131299740418883459e+01
1.497103371405871819e+01
-1.861777259642634519e+01
-3.592520424125853395e+01
-1.039531411469548594e+01
-1.686648317352652171e+01
-7.567957220344943003e+00
3.422362257825054321e+00
-2.037146720247273990e+01
-1.216859650744576804e+01
-6.038159988669974609e+00
-9.969145460048505214e+00
2.797563237400715153e+01
-5.533341597946601098e+01
8.140928627940622775e+00
-5.021381799824490066e+00
1.169178065753456508e+01
-5.642627949185380132e+00
-3.093806430933643270e+01
-9.037045148157194063e+00
-1.971099457259986920e+01
-3.707718098314151334e+00
-1.787817222954180707e+01
-5.492486240006519083e+00
-1.415406837429910780e+01
-1.757485488212655511e+01
6.692929475713157217e+00
-2.269672838524477854e+01
-1.285367043817982058e+00
-2.690427734819515493e+01
-1.021567685571535478e+01
2.769644343598185543e+01
2.525931012146937960e+01
-1.123385778040051619e+01
-4.402376097701414359e+00
-2.303637295571549615e+01
-1.715521984417551238e+01
-1.866405062024791306e+01
-8.923267159264922199e+00
-4.166178987990399207e+01
2.147399516415860532e+01
-1.144987646893275191e+01
-4.002746675286601885e+00
-1.065008094710466935e+01
-1.770152966185117549e+01
-2.760594831860329990e+01
3.035511446781006129e+01
2.408884496881499970e+01
1.025608483872769661e+01
-8.924286856865977668e+00
-5.147430193802013498e+00
-2.525545130207741806e+01
2.110185631471184564e+01
-3.294030940073115232e+01
5.123699533600273526e+00
-1.307837257274898413e+01
-3.364538419609345965e+01
-6.534158165877208546e+00
5.595325564158940068e+01
-1.565398797769098316e+01
1.765647456029217111e+01
-5.231527086542870109e+01
-5.518917072114114530e-01
-6.766492789298646393e+00
1.414170250387184424e+01
-5.288483363156282202e+00
-1.112832715727204480e+01
3.869647444540427639e+00
-1.203029856416445575e+01
1.356195539151183738e+01
-6.441310585470566252e+01
-7.859315122339326365e+01
5.417900836191093639e+00
-1.749958946072950638e+01
-7.567957220344943003e+00
7.997426795178222747e+00
-9.518878896574117121e+00
-1.615139838610796730e+01
-2.310520204709705538e+01
5.171386458728326829e+01
-3.237389951439644875e+01
-1.517136092626618549e+01
-2.049215675294021466e+01
-5.537875547332032689e+00
-1.273776706253615743e+01
-3.521102014398791624e+01
-9.902737367334168539e+00
-1.590658938977737158e+01
-8.297875501358769057e+00
1.442861808104572674e+01
-3.504439650724888367e+01
-4.594549917617959522e+01
-8.791968045639691809e+00
9.698252653984988925e+00
7.618317896562579072e+00
-1.491248128368536996e+01
-1.820110432660531785e+01
6.497957816582370372e-01
-2.882082837584605883e+01
3.014299408579731576e+01
-3.359312439118930627e+01
2.653163825351394678e+01
-1.938508704601473553e+01
-1.017106027278414615e+01
-2.914971874674513685e+00
-1.969551861827944705e+01
-1.483802589401215499e+01
-8.959566175626253681e+00
2.032986052287885759e+00
-8.780485864692414211e+00
-1.653545326890494849e+01
1.231911983162364699e+01
1.343915120549457320e+01
-3.270722175389403219e+01
-2.928776419304354306e+01
-7.003728583989574652e+00
-5.270141014832472592e+01
-4.436039064128181053e+01
9.780007212153348561e+00
-2.089931236347916510e+01
-1.453418639044656757e+01
-1.662757226313653902e+01
-6.044036088102807014e+00
-4.202296878376464662e+01
7.281038766442010868e+00
1.958014940767969492e+01
-1.926335645302524924e+01
-1.282300994621210855e+01
-1.788614958162358803e+01
-1.019129829929238440e+01
-3.814387920407599353e+01
-1.618333263710346515e+01
-1.427442941704063983e+01
-1.538322987435304512e+01
2.598235430902750309e+01
-9.608497974446256862e+00
2.919429300101463909e+01
-5.648772872578642357e+00
-5.555519140096783559e+01
-1.398086536116277934e+01
-2.240788420387206159e+00
-6.128293331213614081e+00
-7.884825489521479547e+00
-2.114632548671607992e+01
-1.757485488212655511e+01
-1.157249344924812640e+01
-5.937230404754625823e+00
-1.566386270334896302e+01
-8.438122596356762983e+00
-1.251150775924860525e+01
-3.269690864412748965e+01
1.771977066076113516e+01
-1.053061099455405270e+01
-2.192202606483894911e+01
5.814761724141622068e+01
-2.225215725717609061e+01
-3.924228082581606714e+01
-2.914584932944398332e+01
-1.251308861600076128e+01
-5.519142612914682999e+00
2.820378157198616975e+01
-1.431794977682272219e+01
-1.887190443784938410e+01
-5.993572926985802951e+01
2.340151850216296836e+01
-4.301208758509195462e+01
9.778445440934218524e+00
-8.168081681319980802e+00
-5.292349693657222076e+00
-4.402376097701414359e+00
-1.003879097872848902e+01
-1.754507078862320046e+00
-1.959439794512320887e+01
-1.150158403169503352e+01
-6.772083637528695022e+00
-1.321138200149556674e+01
4.108028213839335763e+01
-1.436290105755168334e+01
-3.266332269565720203e+00
-7.629054899367077702e+00
-4.072919671206481240e+00
-3.800994932993899766e+01
-1.589171545663251628e+01
2.831549907167043045e+01
-4.831891771662436952e+01
-9.589589857922886651e+00
-4.599168847295721285e+00
-7.070486931681005949e-01
-1.019242968209398725e+01
-1.382589528389728528e+01
-4.859813463006743994e+00
-2.467368278453319963e+00
6.088612287323369543e+01
-2.107907264398903280e+01
-3.493012600691633907e+01
-1.906220548812326143e+01
-9.944479314746054399e+00
1.560344573232694643e+01
-3.607807344634768487e+00
-1.561435400546719734e+02
3.766809557632967209e+00
1.359770131147510774e+01
-1.010816657682846653e+01
-1.555144082966082841e+01
-1.808240100604396616e+01
3.859997186856683804e+00
-2.636102743062462395e+01
-9.195109946917394694e+00
-2.638091126072193404e+01
-2.600486616178120602e+00
-3.124578899877109706e+01
2.175027731003768849e+01
-1.162860266540377197e+01
5.683927767032396439e+00
-2.213732355346667546e+01
2.586366788165622665e+01
-2.981196625374176623e+00
-1.250773351104453868e+00
-2.447488030265791092e+00
-9.198139119407592545e+00
-2.104033107034094385e+01
-1.242045281101706067e+01
-4.447309970013348379e-01
1.231911983162364699e+01
-2.259324285919173292e+01
-3.135278859851659661e+01
-1.927755518049152883e+01
-6.421739721335856643e+01
1.128696595567302907e+01
-8.492708876775129312e+00
-5.925556621261217316e+01
-3.870121318376691022e+01
-1.159254766361335953e+01
-1.967738609186627485e+01
-1.244669310713215538e+01
-2.494072910179475855e+01
-1.626114578659827714e+01
-4.614114761482632332e+01
-3.648672342488151532e+00
3.280007806057723485e+01
-9.944479314746054399e+00
7.782099133792961254e+01
-8.224949512248768357e+00
-5.278699220951970084e-01
1.775835656013994068e+01
1.656896741392073835e+01
-4.370774134012677337e+01
1.596731732968781614e+01
-3.023179355580450700e+00
1.513746782041115502e+01
-2.588256127315847266e+01
-7.751950253674913860e+00
-1.839280893653180371e+01
1.495361722445101549e+01
2.498512044186857750e+01
-2.785573873700973735e+01
-1.166229582160142009e+01
-1.236712900593450648e+01
-1.919493928611875688e+01
-3.162046017387488472e+00
7.303290612329293197e+01
-1.159254766361335953e+01
-5.278699220951970084e-01
-1.826663959296247342e+01
-1.321138200149556674e+01
-5.486947785025733104e+00
-3.255804128100427164e+01
-1.106372474513734616e+01
1.010318016786790452e+01
-2.287746095413123015e+01
1.449837579689541478e+01
-1.948916010390540166e+01
-4.743201049249209156e+00
-1.614705195739140464e+01
-2.786798149908826616e+01
-3.180865693023776331e+01
2.907266450257160528e+01
-2.623452465410753476e+01
-7.627642741665890291e+00
1.640749581509136235e+01
-7.287591187221455158e+00
-1.643169649232958207e+01
-9.968626201845784962e+00
-2.657292336373653541e+01
7.093759193646867800e+00
-8.935631379353527137e+00
-1.404282190922426565e+01
-4.950221048921891764e+01
-1.021997349574519731e+01
2.477620202311242892e+01
2.534326910292676871e+01
2.882754099204535070e+00
-8.385166990986787638e+00
2.871197896931544591e+01
-2.621036905002586348e+00
-1.719830176234719232e+01
5.841683940758941418e+01
-1.628609779723484152e+01
-9.113075637123556616e-01
-3.759023754968814579e+00
-1.536118245953431050e+01
1.158483803911401644e+01
-8.942911013556594568e+00
-2.479449775200591688e+01
-2.461705150286927690e+01
-4.473226269374279696e+01
-1.067675073141396425e+01
-3.715639442207126386e+00
-9.684008095144230666e+00
-1.120076560673538957e+01
-1.057905717127328060e+01
-1.065010736533330871e+01
-9.800222545976653876e+00
1.648134650126194245e+01
-1.006236087017556180e+01
4.039341809541236117e+00
-2.200466323061737128e+01
-1.157249344924812640e+01
-1.357070812913918090e+01
-1.603577410576436080e+01
-1.409322727077394255e+01
-1.726386045730254892e+01
2.698256355111625027e+01
-7.821154567682714109e+00
1.925865564138847219e+01
7.346166918408469471e+00
-1.903900680799389633e+01
-1.432388840055577717e+01
-4.508564777191855910e+01
-1.646508063543629419e+01
2.155619559946172714e+01
-5.755870317071067888e+00
-8.178061195735507383e+00
-1.587492304828442258e+01
2.327522782692683379e+01
-2.494072910179475855e+01
2.882754099204535070e+00
2.857838632814883795e+01
-1.208519676954556665e+01
1.548044974081325797e+01
2.061691878581863335e+01
-5.290091976489860315e+01
2.327360955785227148e+01
-5.287650657113985631e+01
-1.918895064965838770e+01
-1.990581437575857038e+01
-2.636102743062462395e+01
1.182821009936362522e+01
-4.868523640209237335e+00
-2.881292856260066060e+01
-4.703635573725830632e+00
2.396969787147086972e+00
-2.314397478477516401e+01
-2.830014350338015738e+00
-2.579999168000182763e+01
-1.166229582160142009e+01
8.509442019840575355e+00
-3.157605572041507003e+01
-8.703147273507096315e+01
-6.721189074676861885e+00
-1.265173416414733865e+01
-5.048655704817514334e+01
-1.437873716373295707e+01
1.429733641279544898e+01
1.706075741465624773e+01
-1.418088273822543854e+01
-1.011999608105418957e+02
-1.939452778214909756e+01
-1.478869914386378071e+01
-2.063128047175079871e+01
-3.648672342488151532e+00
-3.235344119600122781e+01
-5.633520631286409497e+01
1.121277087673918516e+01
-2.805168164547977128e+01
-5.533341597946601098e+01
2.477620202311242892e+01
-7.984040952885778530e+00
-1.512127545133710527e+01
-4.692633005101460419e+00
-8.451368323573452912e+00
-1.779314661417485866e+01
-7.208074268316615019e+00
-2.329492330982786186e+01
-1.536730445055844108e+01
-4.763487337480087014e+00
-2.940080640561529179e+00
-1.175260746637956011e+01
