9.985351562500000000e-01 -2.209472656250000000e-02
9.788573980331420898e-01 -2.304688096046447754e-02
9.556396007537841797e-01 -2.587890625000000000e-02
9.324219226837158203e-01 -3.325194120407104492e-02
8.994872570037841797e-01 -3.823241591453552246e-02
8.677246570587158203e-01 -3.999024629592895508e-02
8.248291015625000000e-01 -4.177245497703552246e-02
7.862304449081420898e-01 -4.360353946685791016e-02
7.491210699081420898e-01 -2.807617187500000000e-02
7.259032726287841797e-01 -3.020018339157104492e-02
6.863037347793579102e-01 -3.120118379592895508e-02
6.581542491912841797e-01 -4.213866591453552246e-02
6.311279535293579102e-01 -4.458007216453552246e-02
6.121094226837158203e-01 -3.300780057907104492e-02
5.923827886581420898e-01 -4.013669490814208984e-02
5.741943120956420898e-01 -3.906250000000000000e-02
5.611083507537841797e-01 -3.334960341453552246e-02
5.477294921875000000e-01 -3.666990995407104492e-02
5.427490472793579102e-01 -3.891599178314208984e-02
5.388183593750000000e-01 -4.311522841453552246e-02
5.351319313049316406e-01 -4.506838321685791016e-02
5.336914062500000000e-01 -4.667967557907104492e-02
5.366455316543579102e-01 -4.924315214157104492e-02
5.411621332168579102e-01 -5.488282442092895508e-02
5.505859851837158203e-01 -5.600586533546447754e-02
5.647461414337158203e-01 -6.157225370407104492e-02
5.790283679962158203e-01 -6.784668564796447754e-02
5.936768054962158203e-01 -7.316893339157104492e-02
6.065673828125000000e-01 -8.093261718750000000e-02
6.248290538787841797e-01 -8.571776747703552246e-02
6.385253667831420898e-01 -9.138184785842895508e-02
6.528320312500000000e-01 -9.641110897064208984e-02
6.637451648712158203e-01 -1.024414300918579102e-01
6.786866188049316406e-01 -1.042724549770355225e-01
6.906738281250000000e-01 -1.083007752895355225e-01
7.053954601287841797e-01 -1.078124940395355225e-01
7.170165777206420898e-01 -1.043945252895355225e-01
7.273925542831420898e-01 -1.041503846645355225e-01
7.365233898162841797e-01 -1.065917909145355225e-01
7.459961175918579102e-01 -1.137939393520355225e-01
7.559571266174316406e-01 -1.141601502895355225e-01
7.660155296325683594e-01 -1.166504025459289551e-01
7.751709222793579102e-01 -1.170898377895355225e-01
7.798095941543579102e-01 -1.221679747104644775e-01
7.825927734375000000e-01 -1.224365234375000000e-01
7.848632335662841797e-01 -1.241699457168579102e-01
7.855956554412841797e-01 -1.261474490165710449e-01
7.820556163787841797e-01 -1.267822384834289551e-01
7.788817882537841797e-01 -1.272949278354644775e-01
7.728271484375000000e-01 -1.310546994209289551e-01
7.666260004043579102e-01 -1.333252191543579102e-01
7.628173828125000000e-01 -1.334228515625000000e-01
7.549560070037841797e-01 -1.342040896415710449e-01
7.473388910293579102e-01 -1.364257931709289551e-01
7.377929687500000000e-01 -1.404784917831420898e-01
7.173340320587158203e-01 -1.436523199081420898e-01
7.052490711212158203e-01 -1.509521603584289551e-01
6.912353038787841797e-01 -1.528808474540710449e-01
6.844238042831420898e-01 -1.584472656250000000e-01
6.771484613418579102e-01 -1.626464724540710449e-01
6.713867187500000000e-01 -1.621581912040710449e-01
6.665527820587158203e-01 -1.636230349540710449e-01
6.649414300918579102e-01 -1.607910096645355225e-01
6.624512672424316406e-01 -1.615722775459289551e-01
6.599853038787841797e-01 -1.607421934604644775e-01
6.570312976837158203e-01 -1.595214903354644775e-01
6.520996093750000000e-01 -1.597656011581420898e-01
6.499512195587158203e-01 -1.655273437500000000e-01
6.494629383087158203e-01 -1.645263731479644775e-01
6.496582031250000000e-01 -1.667968630790710449e-01
6.496582031250000000e-01 -1.686523556709289551e-01
6.517333984375000000e-01 -1.678954958915710449e-01
6.590087413787841797e-01 -1.671875119209289551e-01
6.689453125000000000e-01 -1.688232421875000000e-01
6.802246570587158203e-01 -1.670654416084289551e-01
6.916748285293579102e-01 -1.656005978584289551e-01
6.981689929962158203e-01 -1.660888791084289551e-01
7.042236328125000000e-01 -1.652832031250000000e-01
6.977782249450683594e-01 -1.616943478584289551e-01
6.866211891174316406e-01 -1.599365174770355225e-01
6.817626953125000000e-01 -1.555663943290710449e-01
6.788330078125000000e-01 -1.554443240165710449e-01
6.764159202575683594e-01 -1.578369140625000000e-01
6.721923351287841797e-01 -1.586181521415710449e-01
6.753661632537841797e-01 -1.649658083915710449e-01
6.684325933456420898e-01 -1.683105230331420898e-01
6.643555164337158203e-01 -1.791259646415710449e-01
6.588134765625000000e-01 -2.056396603584289551e-01
6.544433832168579102e-01 -2.073730528354644775e-01
6.503906250000000000e-01 -2.029052674770355225e-01
6.377929449081420898e-01 -2.050781250000000000e-01
6.368896961212158203e-01 -1.934081912040710449e-01
6.288818120956420898e-01 -1.992920041084289551e-01
6.234862804412841797e-01 -1.970214843750000000e-01
6.201660633087158203e-01 -2.019775509834289551e-01
6.004395484924316406e-01 -2.173339724540710449e-01
6.057860851287841797e-01 -2.133300900459289551e-01
6.044433116912841797e-01 -2.220214903354644775e-01
6.108398437500000000e-01 -2.198974490165710449e-01
6.293213367462158203e-01 -2.247314453125000000e-01
6.725096702575683594e-01 -2.152832150459289551e-01
6.838135719299316406e-01 -1.827880740165710449e-01
6.906006336212158203e-01 -1.795654296875000000e-01
6.953369379043579102e-01 -1.769042909145355225e-01
6.973145008087158203e-01 -1.782226562500000000e-01
7.007080316543579102e-01 -1.805908083915710449e-01
7.047607898712158203e-01 -1.787597537040710449e-01
7.152099609375000000e-01 -1.757568418979644775e-01
7.302490472793579102e-01 -1.767578125000000000e-01
7.450927495956420898e-01 -1.791992187500000000e-01
7.523437738418579102e-01 -1.730712950229644775e-01
7.569091320037841797e-01 -1.720458865165710449e-01
7.566406726837158203e-01 -1.637939512729644775e-01
7.618163824081420898e-01 -1.599853634834289551e-01
7.668212652206420898e-01 -1.639892458915710449e-01
7.825683355331420898e-01 -1.797119379043579102e-01
7.991211414337158203e-01 -1.846191287040710449e-01
8.029296398162841797e-01 -1.806640625000000000e-01
8.221924304962158203e-01 -1.733642816543579102e-01
8.445556163787841797e-01 -1.817138791084289551e-01
8.648924827575683594e-01 -1.814941465854644775e-01
8.826904296875000000e-01 -1.761230230331420898e-01
8.924803733825683594e-01 -1.677734255790710449e-01
9.121093750000000000e-01 -1.702636778354644775e-01
9.214599132537841797e-01 -1.567138731479644775e-01
9.150146245956420898e-01 -1.493896543979644775e-01
9.079589843750000000e-01 -1.327880918979644775e-01
9.022948741912841797e-01 -1.273681521415710449e-01
9.027342796325683594e-01 -1.280029416084289551e-01
9.062011241912841797e-01 -1.292236447334289551e-01
9.114013910293579102e-01 -1.272216737270355225e-01
9.166015386581420898e-01 -1.263671815395355225e-01
9.172363281250000000e-01 -1.213622987270355225e-01
9.198974370956420898e-01 -1.176757812500000000e-01
9.235595464706420898e-01 -1.105468869209289551e-01
9.273681640625000000e-01 -1.035644412040710449e-01
9.278807640075683594e-01 -1.011962890625000000e-01
9.333251714706420898e-01 -9.606933593750000000e-02
9.320068359375000000e-01 -9.104001522064208984e-02
9.267333745956420898e-01 -8.894044160842895508e-02
9.155517816543579102e-01 -9.235841035842895508e-02
9.066650867462158203e-01 -9.270018339157104492e-02
8.925049304962158203e-01 -9.460449218750000000e-02
8.806641101837158203e-01 -9.553223848342895508e-02
8.649902343750000000e-01 -9.418946504592895508e-02
8.489990234375000000e-01 -8.740234375000000000e-02
8.381104469299316406e-01 -8.312988281250000000e-02
8.249511718750000000e-01 -8.342283964157104492e-02
8.113524913787841797e-01 -8.601075410842895508e-02
7.973877191543579102e-01 -8.898925781250000000e-02
7.863526344299316406e-01 -9.094238281250000000e-02
7.737793922424316406e-01 -9.746092557907104492e-02
7.586181163787841797e-01 -1.043945252895355225e-01
7.439208030700683594e-01 -1.070312559604644775e-01
7.365722656250000000e-01 -1.102539300918579102e-01
7.370362281799316406e-01 -1.214843988418579102e-01
7.399170398712158203e-01 -1.241699457168579102e-01
7.378174066543579102e-01 -1.303466856479644775e-01
7.323975563049316406e-01 -1.314209103584289551e-01
7.247071266174316406e-01 -1.323974728584289551e-01
7.157225608825683594e-01 -1.321044862270355225e-01
7.047363519668579102e-01 -1.309570074081420898e-01
6.958007812500000000e-01 -1.287597715854644775e-01
6.861329078674316406e-01 -1.238769590854644775e-01
6.801025867462158203e-01 -1.212402284145355225e-01
6.739013195037841797e-01 -1.178466677665710449e-01
6.670653820037841797e-01 -1.160156130790710449e-01
6.674560308456420898e-01 -1.158203184604644775e-01
6.656737327575683594e-01 -1.125976443290710449e-01
6.671631336212158203e-01 -1.141113340854644775e-01
6.724610328674316406e-01 -1.148437261581420898e-01
6.817382574081420898e-01 -1.178222596645355225e-01
6.974854469299316406e-01 -1.163085997104644775e-01
7.186279296875000000e-01 -1.164062619209289551e-01
7.377440929412841797e-01 -1.200683712959289551e-01
7.586669921875000000e-01 -1.230468750000000000e-01
7.822508811950683594e-01 -1.278320252895355225e-01
8.099365234375000000e-01 -1.353759765625000000e-01
8.338134288787841797e-01 -1.338867247104644775e-01
8.522704839706420898e-01 -1.329589784145355225e-01
8.675048351287841797e-01 -1.329101622104644775e-01
8.788330554962158203e-01 -1.345214843750000000e-01
8.905029296875000000e-01 -1.376953125000000000e-01
8.980224132537841797e-01 -1.384277343750000000e-01
9.023437500000000000e-01 -1.376708745956420898e-01
9.072265625000000000e-01 -1.370605230331420898e-01
9.162353277206420898e-01 -1.362060606479644775e-01
9.251220226287841797e-01 -1.332519650459289551e-01
9.306640625000000000e-01 -1.325439512729644775e-01
9.397948980331420898e-01 -1.349121332168579102e-01
9.492919445037841797e-01 -1.342529058456420898e-01
9.576904773712158203e-01 -1.338135004043579102e-01
9.655029773712158203e-01 -1.345947384834289551e-01
9.757080078125000000e-01 -1.328857541084289551e-01
9.853271245956420898e-01 -1.294921636581420898e-01
9.976562261581420898e-01 -1.338134706020355225e-01
1.012670874595642090e+00 -1.325927972793579102e-01
1.027685642242431641e+00 -1.333251893520355225e-01
1.044946312904357910e+00 -1.326659917831420898e-01
1.061474561691284180e+00 -1.333740353584289551e-01
1.080712914466857910e+00 -1.337646543979644775e-01
1.097241163253784180e+00 -1.301269531250000000e-01
1.107299804687500000e+00 -1.306396424770355225e-01
1.109155178070068359e+00 -1.367675662040710449e-01
1.097534179687500000e+00 -1.395508050918579102e-01
1.094482421875000000e+00 -1.452636718750000000e-01
1.087695360183715820e+00 -1.489990353584289551e-01
1.083471775054931641e+00 -1.541992127895355225e-01
1.083667039871215820e+00 -1.579101681709289551e-01
1.081054687500000000e+00 -1.590088009834289551e-01
1.080444335937500000e+00 -1.576904058456420898e-01
1.074707031250000000e+00 -1.564697027206420898e-01
1.070703148841857910e+00 -1.553222537040710449e-01
1.065820336341857910e+00 -1.552490293979644775e-01
1.061987280845642090e+00 -1.569336056709289551e-01
1.056665062904357910e+00 -1.572753787040710449e-01
1.051831007003784180e+00 -1.558349728584289551e-01
1.049829006195068359e+00 -1.563965082168579102e-01
1.047973632812500000e+00 -1.570800840854644775e-01
1.048559665679931641e+00 -1.582275629043579102e-01
1.051367282867431641e+00 -1.611572504043579102e-01
1.055517554283142090e+00 -1.653808355331420898e-01
1.063525438308715820e+00 -1.674560308456420898e-01
1.074560642242431641e+00 -1.709716916084289551e-01
1.090966820716857910e+00 -1.764404177665710449e-01
1.109033107757568359e+00 -1.840088069438934326e-01
1.129638671875000000e+00 -1.948730349540710449e-01
1.146289110183715820e+00 -2.010498046875000000e-01
1.163037061691284180e+00 -1.922607421875000000e-01
1.172314405441284180e+00 -1.839355230331420898e-01
1.172534227371215820e+00 -1.779052615165710449e-01
1.166455030441284180e+00 -1.745117306709289551e-01
1.156836032867431641e+00 -1.682128906250000000e-01
1.138476610183715820e+00 -1.582519412040710449e-01
1.119628906250000000e+00 -1.508300900459289551e-01
1.097534179687500000e+00 -1.332031190395355225e-01
1.074975490570068359e+00 -1.230468750000000000e-01
1.057324171066284180e+00 -1.115722656250000000e-01
1.038647413253784180e+00 -1.095703244209289551e-01
1.022289991378784180e+00 -1.024414002895355225e-01
1.000024437904357910e+00 -9.858399629592895508e-02
9.849853515625000000e-01 -9.108889102935791016e-02
9.662353992462158203e-01 -6.997069716453552246e-02
9.499511718750000000e-01 -7.448732852935791016e-02
9.305176734924316406e-01 -5.598145723342895508e-02
9.166015386581420898e-01 -4.284667968750000000e-02
9.109618663787841797e-01 -3.249514102935791016e-02
8.986084461212158203e-01 -2.521973848342895508e-02
8.904297351837158203e-01 -2.028810977935791016e-02
8.823242187500000000e-01 -1.191407442092895508e-02
8.753173351287841797e-01 -4.028320312500000000e-03
8.692383766174316406e-01 3.002941608428955078e-03
8.624511957168579102e-01 7.885754108428955078e-03
8.543456792831420898e-01 1.374512910842895508e-02
8.459961414337158203e-01 1.237791776657104492e-02
8.393554687500000000e-01 1.311033964157104492e-02
8.329101800918579102e-01 1.132810115814208984e-02
8.296875953674316406e-01 1.303708553314208984e-02
8.288574218750000000e-01 1.257324218750000000e-02
8.317139148712158203e-01 6.811499595642089844e-03
8.329346179962158203e-01 1.611351966857910156e-03
8.379882574081420898e-01 -6.689459085464477539e-03
8.392578363418579102e-01 -2.165526151657104492e-02
8.457274436950683594e-01 -3.798827528953552246e-02
8.540282249450683594e-01 -3.566893935203552246e-02
8.561034202575683594e-01 -4.748535156250000000e-02
8.617187738418579102e-01 -5.205076932907104492e-02
8.718017339706420898e-01 -5.246582627296447754e-02
8.794922828674316406e-01 -5.012208223342895508e-02
8.897948265075683594e-01 -4.821777343750000000e-02
8.979980945587158203e-01 -5.139160156250000000e-02
9.092528820037841797e-01 -5.266112089157104492e-02
9.175293445587158203e-01 -5.456542968750000000e-02
9.211914539337158203e-01 -4.626464843750000000e-02
9.244873523712158203e-01 -3.608399629592895508e-02
9.175781011581420898e-01 -2.031248807907104492e-02
8.967529535293579102e-01 -1.164549589157104492e-02
8.702881336212158203e-01 -1.115721464157104492e-02
8.585205078125000000e-01 1.813966035842895508e-02
8.361816406250000000e-01 2.763670682907104492e-02
8.139648437500000000e-01 3.032225370407104492e-02
7.932373285293579102e-01 3.383791446685791016e-02
7.747802734375000000e-01 3.815919160842895508e-02
7.563476562500000000e-01 3.845214843750000000e-02
7.345215082168579102e-01 3.254395723342895508e-02
8.687987327575683594e-01 1.594239473342895508e-02
7.073730230331420898e-01 -2.287596464157104492e-02
6.970703601837158203e-01 -6.887209415435791016e-02
6.918456554412841797e-01 -8.273926377296447754e-02
6.862061023712158203e-01 -9.091797471046447754e-02
6.810545921325683594e-01 -9.460449218750000000e-02
6.761231422424316406e-01 -9.777832031250000000e-02
6.694092750549316406e-01 -9.526365995407104492e-02
6.633057594299316406e-01 -8.725583553314208984e-02
6.593749523162841797e-01 -8.320313692092895508e-02
6.583983898162841797e-01 -5.107420682907104492e-02
6.508544683456420898e-01 -7.666021585464477539e-03
6.496825218200683594e-01 2.893066406250000000e-02
6.416993141174316406e-01 8.215332031250000000e-02
6.343016624450683594e-01 1.362792849540710449e-01
6.308593750000000000e-01 1.698486208915710449e-01
6.318848133087158203e-01 1.963623166084289551e-01
6.310057640075683594e-01 2.012451291084289551e-01
6.366698741912841797e-01 2.000976800918579102e-01
6.399414539337158203e-01 2.015380859375000000e-01
6.456787586212158203e-01 2.062743902206420898e-01
6.519043445587158203e-01 2.065429687500000000e-01
6.624023914337158203e-01 1.714111566543579102e-01
7.452636957168579102e-01 1.198730468750000000e-01
6.969237327575683594e-01 7.438963651657104492e-02
7.122559547424316406e-01 2.390134334564208984e-02
7.353026866912841797e-01 -1.801759004592895508e-02
7.660644054412841797e-01 -5.173340439796447754e-02
8.113524913787841797e-01 -7.402342557907104492e-02
8.520019054412841797e-01 -9.042966365814208984e-02
9.100586175918579102e-01 -1.132079958915710449e-01
9.617919921875000000e-01 -1.235839724540710449e-01
1.016894578933715820e+00 -1.375976502895355225e-01
1.070800781250000000e+00 -1.385498046875000000e-01
1.129370093345642090e+00 -1.477050781250000000e-01
1.181860446929931641e+00 -1.472412049770355225e-01
1.234643578529357910e+00 -1.471679806709289551e-01
1.275927782058715820e+00 -1.487060487270355225e-01
1.304492235183715820e+00 -1.546142697334289551e-01
1.327807664871215820e+00 -1.579833924770355225e-01
1.347949266433715820e+00 -1.612548828125000000e-01
1.364477634429931641e+00 -1.674316525459289551e-01
1.381030321121215820e+00 -1.624755859375000000e-01
1.392773389816284180e+00 -1.588134765625000000e-01
1.400634765625000000e+00 -1.572998166084289551e-01
1.409497022628784180e+00 -1.585693359375000000e-01
1.412841796875000000e+00 -1.570312380790710449e-01
1.416332960128784180e+00 -1.597412228584289551e-01
1.418408155441284180e+00 -1.579589843750000000e-01
1.418066501617431641e+00 -1.599853634834289551e-01
1.416235327720642090e+00 -1.641845703125000000e-01
1.412377834320068359e+00 -1.681884825229644775e-01
1.408203125000000000e+00 -1.730224490165710449e-01
1.405639648437500000e+00 -1.862792968750000000e-01
1.400854587554931641e+00 -1.953369081020355225e-01
1.389575242996215820e+00 -2.111572325229644775e-01
1.377929687500000000e+00 -2.233886718750000000e-01
1.365576267242431641e+00 -2.446289062500000000e-01
1.351245164871215820e+00 -2.642334103584289551e-01
1.333935499191284180e+00 -2.815429568290710449e-01
1.318579196929931641e+00 -2.922851443290710449e-01
1.305346727371215820e+00 -3.005127012729644775e-01
1.293627977371215820e+00 -3.045654296875000000e-01
1.285205125808715820e+00 -3.127441406250000000e-01
1.279565334320068359e+00 -3.261962831020355225e-01
1.276171922683715820e+00 -3.350585997104644775e-01
1.276342749595642090e+00 -3.420654237270355225e-01
1.273998975753784180e+00 -3.473388552665710449e-01
1.274926781654357910e+00 -3.521728515625000000e-01
1.280932664871215820e+00 -3.572753965854644775e-01
1.287133812904357910e+00 -3.599120974540710449e-01
1.297583103179931641e+00 -3.618896603584289551e-01
1.311401367187500000e+00 -3.566406369209289551e-01
1.329028367996215820e+00 -3.387451171875000000e-01
1.338427782058715820e+00 -3.180908262729644775e-01
1.340209960937500000e+00 -2.918457090854644775e-01
1.341601610183715820e+00 -2.638671994209289551e-01
1.335644483566284180e+00 -2.358154356479644775e-01
1.325073242187500000e+00 -2.192382812500000000e-01
1.324316382408142090e+00 -2.115234434604644775e-01
1.320019483566284180e+00 -2.046875059604644775e-01
1.316308617591857910e+00 -2.010253965854644775e-01
1.313745021820068359e+00 -1.968017518520355225e-01
1.312670946121215820e+00 -1.938720643520355225e-01
1.313354492187500000e+00 -1.912597715854644775e-01
1.309399366378784180e+00 -1.887695193290710449e-01
1.304248094558715820e+00 -1.833007931709289551e-01
1.299291968345642090e+00 -1.805908083915710449e-01
1.300390601158142090e+00 -1.784179508686065674e-01
1.298144578933715820e+00 -1.723876893520355225e-01
1.300878882408142090e+00 -1.623291075229644775e-01
1.296240329742431641e+00 -1.452148258686065674e-01
1.294165015220642090e+00 -1.320068240165710449e-01
1.293066501617431641e+00 -1.199218630790710449e-01
1.291430711746215820e+00 -1.132568418979644775e-01
1.291113257408142090e+00 -1.047607362270355225e-01
1.287670850753784180e+00 -9.660643339157104492e-02
1.285034179687500000e+00 -8.996582031250000000e-02
1.284960985183715820e+00 -8.818358182907104492e-02
1.288623094558715820e+00 -8.498534560203552246e-02
1.288452148437500000e+00 -8.471679687500000000e-02
1.294360399246215820e+00 -8.012694120407104492e-02
1.295751929283142090e+00 -7.312011718750000000e-02
1.300341844558715820e+00 -6.652832031250000000e-02
1.305493116378784180e+00 -5.817872285842895508e-02
1.313305616378784180e+00 -4.938966035842895508e-02
1.318505764007568359e+00 -4.321289062500000000e-02
1.321484327316284180e+00 -3.767091035842895508e-02
1.322485327720642090e+00 -3.327637910842895508e-02
1.322241187095642090e+00 -3.051757812500000000e-02
1.319751024246215820e+00 -2.023923397064208984e-02
1.319067478179931641e+00 -1.420897245407104492e-02
1.314941406250000000e+00 -4.882812500000000000e-03
1.307763695716857910e+00 7.714867591857910156e-03
1.302661180496215820e+00 1.625978946685791016e-02
1.296899437904357910e+00 1.982420682907104492e-02
1.289501905441284180e+00 2.258300781250000000e-02
1.275952100753784180e+00 2.763670682907104492e-02
1.267040967941284180e+00 3.779298067092895508e-02
1.259155273437500000e+00 4.606932401657104492e-02
1.252734422683715820e+00 5.585938692092895508e-02
1.241308569908142090e+00 6.313478946685791016e-02
1.238305687904357910e+00 6.936037540435791016e-02
1.231835842132568359e+00 6.813967227935791016e-02
1.231689453125000000e+00 6.591796875000000000e-02
1.228295922279357910e+00 6.701660156250000000e-02
1.231811523437500000e+00 6.948244571685791016e-02
1.229614257812500000e+00 7.116699218750000000e-02
1.229663133621215820e+00 7.136231660842895508e-02
1.234765529632568359e+00 6.909179687500000000e-02
1.235278367996215820e+00 6.928712129592895508e-02
1.238891601562500000e+00 7.226562500000000000e-02
1.240014672279357910e+00 7.109373807907104492e-02
1.239501953125000000e+00 7.202148437500000000e-02
1.240380764007568359e+00 7.675784826278686523e-02
1.239990234375000000e+00 7.553708553314208984e-02
1.243115186691284180e+00 7.602536678314208984e-02
1.249633789062500000e+00 8.027344942092895508e-02
1.248046875000000000e+00 7.939451932907104492e-02
1.242529273033142090e+00 7.758790254592895508e-02
1.237719774246215820e+00 7.604980468750000000e-02
1.238134860992431641e+00 8.012694120407104492e-02
1.236962795257568359e+00 8.967286348342895508e-02
1.224975585937500000e+00 8.090817928314208984e-02
1.222412109375000000e+00 6.528317928314208984e-02
1.221997022628784180e+00 5.788576602935791016e-02
1.220507860183715820e+00 5.764162540435791016e-02
1.221826195716857910e+00 5.524903535842895508e-02
1.225903272628784180e+00 6.142580509185791016e-02
1.230004906654357910e+00 6.120604276657104492e-02
1.231103539466857910e+00 6.242674589157104492e-02
1.230761766433715820e+00 6.096190214157104492e-02
1.226367235183715820e+00 5.900877714157104492e-02
1.222656250000000000e+00 5.847167968750000000e-02
1.218456983566284180e+00 5.773925781250000000e-02
1.211743116378784180e+00 5.454099178314208984e-02
1.205444335937500000e+00 5.407714843750000000e-02
1.200537085533142090e+00 5.151367187500000000e-02
1.195068359375000000e+00 5.224609375000000000e-02
1.183154344558715820e+00 5.109864473342895508e-02
1.166894555091857910e+00 4.719239473342895508e-02
1.151367187500000000e+00 4.414063692092895508e-02
1.134033203125000000e+00 4.150390625000000000e-02
1.124023437500000000e+00 3.103029727935791016e-02
1.122363328933715820e+00 2.395021915435791016e-02
1.121215820312500000e+00 1.650393009185791016e-02
1.123535156250000000e+00 7.177710533142089844e-03
