-2.209472656250000000e-02
-4.013669490814208984e-02
-8.571776747703552246e-02
-1.224365234375000000e-01
-1.626464724540710449e-01
-1.670654416084289551e-01
-2.029052674770355225e-01
-1.782226562500000000e-01
-1.817138791084289551e-01
-1.105468869209289551e-01
-8.898925781250000000e-02
-1.212402284145355225e-01
-1.329101622104644775e-01
-1.338134706020355225e-01
-1.576904058456420898e-01
-1.840088069438934326e-01
-9.858399629592895508e-02
1.311033964157104492e-02
-5.139160156250000000e-02
1.594239473342895508e-02
1.698486208915710449e-01
-1.132079958915710449e-01
-1.585693359375000000e-01
-2.922851443290710449e-01
-2.918457090854644775e-01
-1.452148258686065674e-01
-4.321289062500000000e-02
6.313478946685791016e-02
7.602536678314208984e-02
6.096190214157104492e-02
7.177710533142089844e-03
