9.985351562500000000e-01
5.923827886581420898e-01
6.248290538787841797e-01
7.825927734375000000e-01
6.771484613418579102e-01
6.802246570587158203e-01
6.503906250000000000e-01
6.973145008087158203e-01
8.445556163787841797e-01
9.235595464706420898e-01
7.973877191543579102e-01
6.801025867462158203e-01
8.675048351287841797e-01
9.976562261581420898e-01
1.080444335937500000e+00
1.109033107757568359e+00
1.000024437904357910e+00
8.393554687500000000e-01
8.979980945587158203e-01
8.687987327575683594e-01
6.308593750000000000e-01
9.100586175918579102e-01
1.409497022628784180e+00
1.318579196929931641e+00
1.340209960937500000e+00
1.296240329742431641e+00
1.318505764007568359e+00
1.241308569908142090e+00
1.243115186691284180e+00
1.230761766433715820e+00
1.123535156250000000e+00
