-1.221043351091664242e+01 7.279708931871183175e+00 -1.784561541759003944e+02
-1.235928997017957442e+01 5.193434701490667216e+00 -1.795896317626107077e+02
-2.199748152850309335e+00 8.114840311392251593e+00 -1.780440587343731522e+02
-2.327866445170891030e+00 -3.798827085432892492e+00 1.765570793268758223e+02
3.377738185655841718e+00 -9.883640338238139478e+00 -1.749201597297312958e+02
-1.242727540898446037e+01 -2.887794528135170236e-01 1.786302782106629081e+02
-2.857730830191465898e+00 2.532106807318844410e+00 -1.785048357425299059e+02
2.489573162128678185e-01 1.126930981200999504e+01 -1.793368486576549117e+02
-2.415670281011027820e-01 1.054234191717487690e+01 -1.761551051530550751e+02
-2.145151943578645870e+01 -1.576042619083376728e+00 1.793783417255843347e+02
-1.981324967646036583e+01 -1.773928902994411771e+01 -1.797529350431331352e+02
-1.540331931168278778e+01 7.135534657351106924e-01 -1.795387449287271977e+02
-6.158329620709073637e+00 5.831281500900585613e+00 1.780229252077765238e+02
1.275045189305942683e+00 1.674112958949954333e+01 -1.713210489615744336e+02
-1.611276421032627582e+01 -1.336463833839050253e+01 -1.790799078860171107e+02
-9.968023750886237266e+00 -4.535586725460706070e+00 -1.784422700784568292e+02
5.360389566673744000e+00 9.343154625461215446e+00 -1.782463902565054354e+02
-1.570584383693737074e+01 2.431985505897141309e+01 -1.793259732161931197e+02
8.981732793592708264e-01 6.691865138936402779e+00 1.799419085320651561e+02
-1.859979221459008158e+01 2.028264058668029435e+01 1.790553277498602256e+02
-4.281868873394500064e+00 7.803265066535612249e+00 -1.775042997838134511e+02
5.592872991809805239e-01 1.492974004817158473e+01 1.795358035408158344e+02
4.594148202351385990e+00 9.773192212882630514e+00 -1.790279773045395189e+02
-1.025188819686285591e+01 -3.988849986585320195e+00 1.794750625069424927e+02
-1.340519424909404300e+01 8.144193967652643806e+00 -1.779647378580149564e+02
4.534280588499648434e-01 1.346272403782639060e+01 -1.791128488282787430e+02
-1.264264410311511710e+01 -9.542068339287196110e+00 -1.785774971339904198e+02
-1.392732187199199556e+00 2.208648564918562585e+01 -1.793584622469578278e+02
5.929737938834674260e+00 4.256770000273610854e+00 -1.788694482939403372e+02
3.250755803955168499e+00 1.102924971206705962e+01 1.799344168305016467e+02
-2.025839272770749933e+00 1.138491657073853247e+01 -1.763552509078897685e+02
6.482400809791243113e+00 1.078720320122647536e+01 -1.796194845786309884e+02
-1.047454943144219364e+01 -2.739182902302020661e+00 -1.780834169106226454e+02
3.139194837569101448e+00 -1.736706166208081825e+01 -1.776657315046173267e+02
-1.242362497946939293e+01 1.483466757030572625e+00 1.796956772428833062e+02
2.550918593633626053e+00 6.306872995496519252e+00 1.794149663788354587e+02
7.437806892862435681e+00 9.584046458266962887e+00 -1.789880732786294004e+02
-1.549414930791186329e+01 -1.852700048429320034e+01 -1.772589522463530898e+02
-4.307438012482806222e+00 2.279593964828324548e+00 -1.792191615854376892e+02
-4.543464455994208784e+00 7.886929588519979717e+00 -1.787762540774853903e+02
-4.236430143390812475e+00 9.076035573761469522e+00 1.797371434035247546e+02
-1.101978147181246293e+01 -1.538890399353053828e+00 -1.778607465210451721e+02
3.408032826191669251e+00 -3.134899809921326552e-02 -1.793096352574589787e+02
4.164537139646761199e-01 1.047047299927801411e+01 -1.797433714481144307e+02
-5.230390567045768435e+00 1.479433406545117613e+01 -1.795507157129162863e+02
7.437479349066141943e+00 7.899623112574234440e-01 1.795741793786824019e+02
4.662262919157646124e+00 2.138577074629468555e+01 -1.735843202515033568e+02
2.436320469790223431e+00 8.639768012943992659e+00 -1.789785570116657709e+02
-4.110030364433327144e+00 1.436042506585870271e+01 -1.796717683759458168e+02
-3.385699129880316960e+00 -4.120703284275912814e+00 -1.784786619769183176e+02
-1.133828823447861822e+01 -2.715921539061644463e+00 -1.776377144390372678e+02
-1.710394171429271637e+01 1.128881618015379473e+01 -1.781653153334641217e+02
1.502081057190064184e-01 9.855422545223552433e+00 -1.787444832586697032e+02
-5.156018981733637041e+00 4.016920606076584965e-01 -1.785040464608860304e+02
-4.174862420155787568e+00 2.819081834720929081e+01 -1.751001315087369790e+02
-7.732055729708206648e+00 1.372987935405908821e+01 -1.793521345607946955e+02
-3.386957610520431317e+00 -1.229120748450912082e+01 -1.774395103320476892e+02
-7.258542151733225367e+00 2.725761454879210888e+01 -1.759377377055596412e+02
-8.996340583021686044e+00 2.080877294334326066e+01 -1.794890072512187089e+02
-1.876847555494963515e+01 -1.966591718992413362e+01 -1.787772150264905235e+02
-2.760944427436231763e+01 -1.515735196693061226e+01 -1.782868509820605141e+02
-1.155512337538658052e+01 2.389915378242079669e+01 -1.797443476386220595e+02
-1.091284234220171356e+01 1.104048396473164217e+01 -1.792971346946657718e+02
-4.970346764015633134e+00 -4.822605564612490348e+00 1.793167908651887217e+02
-8.113414181060761621e+00 -2.856702304099169698e+00 -1.793076717849124293e+02
-2.012173632392174838e+00 -1.161291552685022266e+00 -1.791090342956273673e+02
-4.773925365792986319e+00 6.309912239173340431e+00 -1.793124901983137249e+02
-1.163782448647155832e+01 9.211819763538271477e-01 -1.783603433715250333e+02
2.003013201806092436e+00 9.180622046641667922e+00 1.798581129137209018e+02
3.318126829612837891e+00 1.607952742469639063e+01 -1.769233505804809852e+02
-1.070696765801421968e+01 7.761021450597400673e+00 -1.792166652346754461e+02
-5.917241249024661975e+00 -8.874411689234799283e+00 -1.763778429315702567e+02
9.838046377231590700e-01 3.766711862574329217e+00 -1.792245435854031257e+02
2.055875023845828764e+00 -4.962266377184643140e+00 -1.794930669262180345e+02
-4.673869595765207663e+00 3.805240503652402850e+01 -1.744962135373956755e+02
6.808926343458475694e-01 -5.129052236915847551e+00 -1.787036445265726456e+02
-7.676605991063063072e+00 3.827609355541673253e+00 1.797129249445620474e+02
-5.315678239181130138e+00 3.227201637931197098e+01 -1.761851040642328030e+02
-3.078007750169109435e+00 4.233322775661464199e+00 1.787487531567780650e+02
-1.643251091371393002e+01 -1.653137199300049787e+01 1.793120738319714462e+02
-1.922143172112547482e+00 1.602569284262486349e+01 -1.781908513739510340e+02
-2.380092828860810528e+00 1.034913061636689235e+01 1.799611398803482700e+02
8.623533675125301112e-01 1.640896391057556869e+01 -1.782088265342927400e+02
-8.747275872548408771e+00 3.315214883421141234e+00 1.795444964894093118e+02
-1.687438952539310089e+00 1.091150727669990594e+01 -1.768849996782646201e+02
-5.616005381664582963e+00 2.427283685481730124e+00 -1.792085242513831815e+02
-2.167503655483572267e+00 -1.212490187737272507e+01 -1.785624886078220754e+02
-1.087478031666119271e+01 2.888677138932229127e+01 -1.777941854679420999e+02
2.295269446338970010e-01 8.024989746213050168e+00 -1.793360357670779024e+02
-1.548404602495900484e+01 -4.468432364753602393e+00 -1.786050327236895612e+02
7.506311474452283861e+00 9.666908571969987207e+00 -1.795647227407786488e+02
-2.120842261100496451e+00 6.867913781303255583e+00 1.799214108386490238e+02
-6.029745828139891906e+00 8.563484585873883503e+00 -1.793568326583642545e+02
-5.812173850720076196e+00 9.260479255408448296e+00 -1.792520589065763659e+02
-9.471554766780544199e+00 5.383830594810488535e+00 -1.795146503945461802e+02
-8.611281168391938579e+00 1.322186772362867480e+01 -1.794854832307601100e+02
-1.452337816271956150e+01 9.112551941598781013e+00 -1.775041095198955077e+02
-1.749120093780922147e+01 -6.438609847970294453e+00 -1.782204820525308548e+02
8.872529832057489685e+00 9.954362040696564051e+00 -1.786317101560990181e+02
1.387129812425802466e+00 2.223571826551673070e+00 -1.782895726916273134e+02
-1.831912416184646286e+00 9.609887568940967739e+00 -1.789036948432190570e+02
6.778591125879284363e+00 9.304675873638302619e+00 -1.798590039727685053e+02
-8.074738830018722169e+00 3.972749184121696864e+00 -1.796500781323040599e+02
-5.894846079378417425e-01 1.650867790976857563e+01 -1.789375461641249103e+02
2.506949189125758704e+00 1.040708093326128036e+01 -1.791492138159154024e+02
-1.621543539168756354e+01 -1.725389138704505854e+01 1.795839461449546093e+02
-3.482436672593415938e+00 7.386852843404543734e+00 -1.786885604618031778e+02
8.194254157823240847e-01 1.603816832728313457e+01 -1.781335327814560117e+02
-6.310948189205878300e+00 1.612584107541908063e+00 -1.790618099355534980e+02
-1.539667792218995857e+01 -6.182138812205331568e+00 -1.783673155101623138e+02
-3.538191527347169796e+00 -4.656737569637024343e+00 -1.789482684805014685e+02
-1.001906551875383045e+01 -3.403851349835617768e+00 1.798883866087718388e+02
