6.120229954831302166e-05 3.642874798970296979e-05 1.367720105918124318e-04 9.856459498405456543e-01 9.337164228782057762e-04 2.084251464111730456e-04 1.297747623175382614e-02
1.958882348844781518e-04 2.109684573952108622e-04 1.455656737089157104e-01 5.351306870579719543e-03 7.189686894416809082e-01 9.245073306374251842e-04 1.287829726934432983e-01
2.553488047851715237e-05 4.682888902607373893e-05 3.466283436864614487e-03 1.770905655575916171e-04 9.931874275207519531e-01 3.879636351484805346e-04 2.708870684728026390e-03
9.315084218978881836e-01 3.299714880995452404e-04 2.079334575682878494e-03 6.769364699721336365e-04 5.233570933341979980e-02 3.327087324578315020e-04 1.273687370121479034e-02
1.353516476228833199e-03 2.923624997492879629e-04 5.670944694429636002e-03 1.829938217997550964e-02 6.964768767356872559e-01 1.895394525490701199e-03 2.760115563869476318e-01
5.535927601158618927e-03 1.204419531859457493e-04 9.701681137084960938e-01 2.171901753172278404e-03 9.783130371943116188e-04 1.467032171785831451e-02 6.354924757033586502e-03
5.932762753218412399e-03 8.417512290179729462e-04 1.803658008575439453e-01 5.349239706993103027e-01 6.787168793380260468e-03 3.711366280913352966e-02 2.340348958969116211e-01
3.045675111934542656e-03 5.710749537684023380e-04 1.996172368526458740e-01 6.694842576980590820e-01 1.028267294168472290e-02 2.044499851763248444e-02 9.655419737100601196e-02
9.656818509101867676e-01 2.126779436366632581e-04 2.243104972876608372e-04 1.296987524256110191e-03 1.540974155068397522e-02 1.657592219999060035e-04 1.700862310826778412e-02
1.432877779006958008e-01 5.139095010235905647e-04 3.849588683806359768e-04 7.436751574277877808e-02 2.452418394386768341e-02 1.156943035311996937e-03 7.557646036148071289e-01
9.674369692802429199e-01 2.111309731844812632e-04 2.660947793629020452e-04 1.763760810717940331e-03 8.421179838478565216e-03 1.958841894520446658e-04 2.170491591095924377e-02
3.023065440356731415e-02 5.364525713957846165e-04 7.484005391597747803e-02 6.901612039655447006e-03 2.363700978457927704e-02 8.189948275685310364e-03 8.556643128395080566e-01
2.621036546770483255e-04 9.273585419578012079e-06 8.641364547656849027e-05 4.403499886393547058e-03 8.973762742243707180e-04 2.041716797975823283e-04 9.941371679306030273e-01
1.101618865504860878e-03 1.670116034802049398e-04 1.821047440171241760e-02 3.771886602044105530e-02 4.275632556527853012e-03 2.122942171990871429e-02 9.172969460487365723e-01
1.951724290847778320e-03 2.313025761395692825e-04 6.777212023735046387e-03 1.459340751171112061e-01 1.587038300931453705e-02 7.073118351399898529e-03 8.221620917320251465e-01
9.858013987541198730e-01 2.101791469613090158e-04 3.370064077898859978e-04 6.668633432127535343e-04 8.675009943544864655e-03 1.528839347884058952e-04 4.156741779297590256e-03
3.939587250351905823e-02 1.286935526877641678e-03 9.586681611835956573e-03 3.078786842525005341e-02 1.330461818724870682e-03 6.310027837753295898e-01 2.866093218326568604e-01
7.065687677823007107e-04 1.049911734298802912e-04 5.315206944942474365e-03 1.581018790602684021e-02 3.621543059125542641e-03 1.141525898128747940e-02 9.630261659622192383e-01
6.587468087673187256e-03 1.487466215621680021e-04 3.079213667660951614e-03 1.191836223006248474e-02 1.354745589196681976e-03 1.201411988586187363e-02 9.648973345756530762e-01
1.876197638921439648e-04 6.865729665150865912e-05 7.866024971008300781e-04 9.679341316223144531e-01 7.456968887709081173e-04 7.237508543767035007e-04 2.955355308949947357e-02
8.356193080544471741e-03 4.803039773833006620e-04 1.022245083004236221e-02 2.028718404471874237e-02 1.800472964532673359e-03 1.733984351158142090e-01 7.854548692703247070e-01
5.278788157738745213e-04 1.130505188484676182e-05 7.751771481707692146e-04 5.858379881829023361e-04 8.686988730914890766e-04 8.724502986297011375e-04 9.963586926460266113e-01
3.132175654172897339e-02 4.430685366969555616e-04 1.632499974220991135e-03 5.534813739359378815e-03 5.650518927723169327e-03 3.096716478466987610e-02 9.244501590728759766e-01
1.307495171204209328e-03 2.696572628337889910e-04 3.719936124980449677e-03 3.205719590187072754e-01 1.456662430427968502e-03 4.020975157618522644e-02 6.324645280838012695e-01
6.349335424602031708e-03 5.721307388739660382e-05 4.014924634248018265e-03 1.307896687649190426e-03 2.074016490951180458e-03 2.529602032154798508e-03 9.836670160293579102e-01
3.847014857456088066e-03 5.204601329751312733e-04 1.644109934568405151e-01 3.669193759560585022e-02 1.210871525108814240e-02 3.551942110061645508e-02 7.469014525413513184e-01
5.810521543025970459e-03 3.510560200084000826e-04 2.452602982521057129e-02 5.370100960135459900e-02 8.049746975302696228e-03 1.433652453124523163e-02 8.932250738143920898e-01
2.483800286427140236e-03 2.532095459173433483e-05 7.367096841335296631e-04 6.166312377899885178e-04 1.898308750241994858e-03 1.056387554854154587e-03 9.931829571723937988e-01
7.044985977699980140e-05 3.144765651086345315e-05 1.689314376562833786e-04 9.969229102134704590e-01 8.216366404667496681e-04 1.094973340514115989e-04 1.875163405202329159e-03
4.102406650781631470e-02 6.606564857065677643e-04 9.229595307260751724e-04 1.225256472826004028e-01 1.257882118225097656e-01 1.506725442595779896e-03 7.075717449188232422e-01
3.859219141304492950e-04 3.655197588159353472e-06 1.942386879818513989e-04 2.083753643091768026e-04 2.035506913671270013e-04 3.202753723599016666e-04 9.986839890480041504e-01
1.901043206453323364e-02 3.954273124691098928e-04 1.191706629469990730e-03 8.440189063549041748e-03 5.319217443466186523e-01 7.195331854745745659e-04 4.383209943771362305e-01
8.934661746025085449e-04 1.491037892265012488e-05 3.542495251167565584e-04 2.628585207276046276e-04 2.466146368533372879e-03 1.372766448184847832e-03 9.946356415748596191e-01
9.176988387480378151e-04 7.932003063615411520e-05 3.798956284299492836e-03 1.645346637815237045e-03 2.035516202449798584e-01 1.455692923627793789e-03 7.885513305664062500e-01
4.752505046781152487e-04 1.392762642353773117e-04 7.527986890636384487e-04 2.593966722488403320e-01 7.747694384306669235e-03 1.537551986984908581e-03 7.299507856369018555e-01
4.134784976486116648e-04 1.824055216275155544e-04 5.303488578647375107e-04 8.615159988403320312e-01 1.305497065186500549e-02 1.175381010398268700e-03 1.231273561716079712e-01
1.973940525203943253e-03 2.907034358941018581e-04 6.040019448846578598e-03 2.939908504486083984e-01 4.183629062026739120e-03 2.082350477576255798e-02 6.726973056793212891e-01
2.970715239644050598e-02 1.200939877890050411e-03 1.523049827665090561e-02 3.752411305904388428e-01 4.620069172233343124e-03 3.856950625777244568e-02 5.354306697845458984e-01
8.864603638648986816e-01 5.211661336943507195e-04 3.895358240697532892e-04 1.207661256194114685e-02 2.982489019632339478e-02 4.107727727387100458e-04 7.031671702861785889e-02
1.917343586683273315e-03 5.292579226079396904e-05 2.774317108560353518e-04 4.151775967329740524e-03 3.978215390816330910e-04 8.910207077860832214e-03 9.842925667762756348e-01
5.156985134817659855e-04 4.427337989909574389e-05 9.742602705955505371e-01 1.114871120080351830e-03 6.587767857126891613e-04 2.055646851658821106e-02 2.849584911018610001e-03
9.899002909660339355e-01 2.403440739726647735e-04 2.124559687217697501e-04 4.848092503380030394e-04 8.305277675390243530e-03 6.402281724149361253e-05 7.927599945105612278e-04
2.929693786427378654e-03 8.122755389194935560e-05 4.598660860210657120e-03 2.878085477277636528e-03 1.000348851084709167e-02 2.497891429811716080e-03 9.770109057426452637e-01
3.512184917926788330e-01 1.011759042739868164e-03 1.063642790541052818e-03 6.806275807321071625e-03 5.975977778434753418e-01 5.396642372943460941e-04 4.176237434148788452e-02
9.941948577761650085e-03 8.799929491942748427e-05 1.277237548492848873e-03 2.261026529595255852e-03 8.431504829786717892e-04 9.222283028066158295e-03 9.763662815093994141e-01
6.846264004707336426e-03 7.230757619254291058e-04 5.287748575210571289e-02 7.325068116188049316e-01 7.667456287890672684e-03 1.415987685322761536e-02 1.852190345525741577e-01
3.221427276730537415e-02 7.530329748988151550e-04 5.651816129684448242e-01 9.164166636765003204e-03 1.214291434735059738e-02 5.096542462706565857e-02 3.295785188674926758e-01
1.576211216161027551e-04 1.688929623924195766e-04 7.197658717632293701e-02 3.985972609370946884e-03 8.368977904319763184e-01 6.526296492666006088e-04 8.616045117378234863e-02
9.894461035728454590e-01 1.305682671954855323e-04 1.379165187245234847e-04 1.327943871729075909e-03 2.492146799340844154e-03 1.081724403775297105e-04 6.357187405228614807e-03
1.458982587791979313e-04 4.358605110610369593e-06 3.771822593989782035e-05 2.232492668554186821e-03 5.177767015993595123e-04 1.255090464837849140e-04 9.969363212585449219e-01
1.883704680949449539e-03 4.726658517029136419e-05 1.198501908220350742e-03 2.057317830622196198e-02 1.366826589219272137e-03 6.331956828944385052e-04 9.742972850799560547e-01
1.163750537671148777e-03 7.892129360698163509e-05 2.579746069386601448e-04 2.747896499931812286e-02 2.096383832395076752e-03 1.940525253303349018e-03 9.669833779335021973e-01
1.814789487980306149e-03 1.323036849498748779e-04 5.090292077511548996e-03 3.041299292817711830e-03 1.529226750135421753e-01 2.028401941061019897e-03 8.349703550338745117e-01
2.168675512075424194e-02 1.145843925769440830e-04 2.770178951323032379e-03 9.465310140512883663e-04 1.195920398458838463e-03 1.368539035320281982e-02 9.596006274223327637e-01
6.568761914968490601e-02 6.501582101918756962e-04 1.225306885316967964e-03 1.566917300224304199e-01 5.129197612404823303e-02 2.316863276064395905e-03 7.221363186836242676e-01
9.799910783767700195e-01 2.501866838429123163e-04 2.338836202397942543e-04 2.218487672507762909e-03 7.298238575458526611e-03 1.884960074676200747e-04 9.819631464779376984e-03
1.791686168871819973e-03 9.093307307921350002e-04 5.762948989868164062e-01 9.547575376927852631e-03 3.458165228366851807e-01 5.854318849742412567e-03 5.978562310338020325e-02
9.716551899909973145e-01 2.167558268411085010e-04 4.393539566081017256e-04 4.583542468026280403e-04 2.214045450091362000e-02 1.340827730018645525e-04 4.955749958753585815e-03
7.557038916274905205e-04 2.372440358158200979e-04 1.461756764911115170e-03 9.595972299575805664e-01 1.303883828222751617e-02 6.838939152657985687e-04 2.422540076076984406e-02
7.197956088930368423e-03 3.962747869081795216e-04 2.303535491228103638e-01 9.224509820342063904e-03 8.646403253078460693e-02 6.058062426745891571e-03 6.603056192398071289e-01
1.781109604053199291e-04 1.336377026746049523e-04 1.857999898493289948e-02 1.187077490612864494e-03 9.683920741081237793e-01 2.135455142706632614e-04 1.131564751267433167e-02
1.877346890978515148e-03 2.153568348148837686e-04 2.684619277715682983e-02 1.828508218750357628e-03 5.134440064430236816e-01 2.471020445227622986e-03 4.533175826072692871e-01
1.347324810922145844e-02 3.323193814139813185e-04 6.680741789750754833e-04 5.926935002207756042e-03 5.588411688804626465e-01 1.595710404217243195e-03 4.191624522209167480e-01
7.041718065738677979e-02 3.750241594389081001e-04 1.182214124128222466e-03 4.106047563254833221e-03 5.533928871154785156e-01 8.836364140734076500e-04 3.696429729461669922e-01
9.464848041534423828e-01 3.794925287365913391e-04 2.048210444627329707e-04 3.390347119420766830e-03 2.697062864899635315e-02 2.162545133614912629e-04 2.235365658998489380e-02
2.277765888720750809e-03 2.739832962106447667e-05 4.103752144146710634e-04 5.854885675944387913e-04 1.118192682042717934e-03 2.062465297058224678e-03 9.935182929039001465e-01
4.958211793564260006e-04 6.091691102483309805e-05 4.681232676375657320e-04 1.929039321839809418e-02 2.674518618732690811e-03 3.165048314258456230e-03 9.738451838493347168e-01
7.411200087517499924e-03 9.026515763252973557e-04 1.064077112823724747e-02 5.509322881698608398e-02 2.183988923206925392e-03 5.470120310783386230e-01 3.767561614513397217e-01
1.893552369438111782e-03 3.755243378691375256e-04 1.637436822056770325e-02 1.018959358334541321e-01 4.663858190178871155e-02 5.954086780548095703e-03 8.268678188323974609e-01
9.102766052819788456e-04 1.474223245168104768e-04 4.725593142211437225e-03 2.020334005355834961e-01 3.095441963523626328e-03 7.040303666144609451e-03 7.820475697517395020e-01
4.037220962345600128e-03 6.063112523406744003e-04 5.694407224655151367e-01 6.140923500061035156e-02 1.913030445575714111e-02 6.745652854442596436e-02 2.779196798801422119e-01
3.014559485018253326e-02 1.027995458571240306e-04 3.078908426687121391e-03 1.163224689662456512e-03 1.809584442526102066e-03 3.314198926091194153e-03 9.603856205940246582e-01
3.207169240340590477e-03 2.963852020911872387e-04 5.352952051907777786e-03 1.665599830448627472e-02 2.153837354853749275e-03 1.198335438966751099e-01 8.525001406669616699e-01
1.478854916058480740e-03 3.230593210901133716e-05 9.721695780754089355e-01 1.134051475673913956e-03 2.039129845798015594e-03 7.933105807751417160e-04 2.235286869108676910e-02
2.198078982473816723e-05 9.925798622134607285e-06 2.131792280124500394e-05 9.993575215339660645e-01 2.004239504458382726e-04 2.674734059837646782e-05 3.620804927777498960e-04
2.028790069743990898e-03 2.280001172039192170e-05 7.288993801921606064e-04 2.230538375442847610e-04 2.786427969112992287e-03 1.855957554653286934e-03 9.923540353775024414e-01
1.524671562947332859e-03 2.785302604024764150e-05 1.588050392456352711e-03 4.300863656681030989e-04 3.263205522671341896e-03 3.074466949328780174e-03 9.900915622711181641e-01
1.407778263092041016e-02 1.074482337571680546e-03 1.008118130266666412e-02 2.998208701610565186e-01 3.986800089478492737e-03 1.314789205789566040e-01 5.394799709320068359e-01
2.605159068480134010e-03 1.082031449186615646e-04 1.583859411766752601e-04 2.169478982686996460e-01 2.025829628109931946e-03 8.503380231559276581e-04 7.773042321205139160e-01
3.561891790013760328e-04 9.691103332443162799e-05 8.688697562320157886e-05 7.703539729118347168e-01 5.460160900838673115e-04 1.901207026094198227e-03 2.266587913036346436e-01
1.254634857177734375e-01 7.434213184751570225e-04 1.679021515883505344e-03 4.382237046957015991e-02 1.888048946857452393e-01 1.601629308424890041e-03 6.378852128982543945e-01
5.472530126571655273e-01 6.126897060312330723e-04 1.609145547263324261e-03 1.403667964041233063e-02 6.203261390328407288e-02 1.286877552047371864e-03 3.731689155101776123e-01
6.279943045228719711e-04 5.120466539665358141e-06 1.431033160770311952e-04 1.852645218605175614e-04 4.913208540529012680e-04 3.153138968627899885e-04 9.982318282127380371e-01
1.402386697009205818e-03 1.745245972415432334e-04 2.921506529673933983e-03 7.034014165401458740e-02 2.471275441348552704e-02 1.663355506025254726e-03 8.987853527069091797e-01
2.492328931111842394e-04 3.838092652586055920e-06 3.286796345491893589e-05 1.250993460416793823e-03 3.992741694673895836e-04 1.167696755146607757e-04 9.979471564292907715e-01
6.146564614027738571e-03 2.790011785691604018e-05 1.324331387877464294e-03 2.785501710604876280e-04 1.899873372167348862e-03 1.699071377515792847e-03 9.886237382888793945e-01
9.285234808921813965e-01 2.559252607170492411e-04 3.290159511379897594e-04 3.606623504310846329e-03 9.161759167909622192e-03 2.837587671820074320e-04 5.783941596746444702e-02
3.434213995933532715e-02 1.447085756808519363e-03 1.144310757517814636e-01 5.952792614698410034e-02 3.804534077644348145e-01 1.109053194522857666e-02 3.987078368663787842e-01
3.296331316232681274e-02 9.647760307416319847e-04 4.149359092116355896e-02 2.109623141586780548e-02 4.965282976627349854e-01 4.730623215436935425e-03 4.022232294082641602e-01
2.495926746632903814e-04 1.442214852431789041e-04 1.338252564892172813e-03 9.682915806770324707e-01 1.002270611934363842e-03 6.743637844920158386e-03 2.223040722310543060e-02
9.154589474201202393e-02 6.091098766773939133e-04 8.791825384832918644e-04 3.360737115144729614e-02 2.427473068237304688e-01 1.366245560348033905e-03 6.292448639869689941e-01
9.766417145729064941e-01 1.711633667582646012e-04 2.324724337086081505e-04 1.397667569108307362e-03 4.996333736926317215e-03 1.950936421053484082e-04 1.636548340320587158e-02
4.173578345216810703e-04 3.668147473945282400e-05 2.560983703006058931e-04 1.303571276366710663e-02 3.410497214645147324e-03 8.835638291202485561e-04 9.819600582122802734e-01
1.686543255345895886e-04 8.596303086960688233e-05 1.367057440802454948e-03 9.934043288230895996e-01 3.386777534615248442e-04 1.249131164513528347e-03 3.386172698810696602e-03
1.980599388480186462e-02 4.064769891556352377e-04 5.863033235073089600e-02 1.031454838812351227e-02 3.069177269935607910e-02 5.324834026396274567e-03 8.748260140419006348e-01
1.316105481237173080e-04 4.118538072361843660e-06 7.299010030692443252e-05 1.073341933079063892e-03 1.067000484908930957e-04 5.113144870847463608e-04 9.980999827384948730e-01
1.773427124135196209e-03 2.713798603508621454e-04 1.359740179032087326e-02 4.872408509254455566e-02 5.380090326070785522e-03 3.938756510615348816e-02 8.908661007881164551e-01
6.590826511383056641e-01 1.113282167352735996e-03 7.398842717520892620e-04 3.599752858281135559e-02 1.259199976921081543e-01 7.644233410246670246e-04 1.763822138309478760e-01
3.277974436059594154e-03 6.863658927613869309e-05 5.982315167784690857e-03 1.802903250791132450e-03 2.391751157119870186e-03 6.252517923712730408e-03 9.802238941192626953e-01
3.893209155648946762e-03 3.880402437062002718e-05 6.467096507549285889e-03 4.761791788041591644e-04 1.130980090238153934e-03 6.249365396797657013e-03 9.817442297935485840e-01
2.060852246358990669e-03 2.824784314725548029e-04 1.459787786006927490e-02 3.511301055550575256e-02 2.348396927118301392e-03 9.698205441236495972e-02 8.486152887344360352e-01
8.559223497286438942e-04 1.634192813071422279e-05 1.011585816740989685e-03 8.238204754889011383e-04 1.740758598316460848e-04 4.879708867520093918e-03 9.922385811805725098e-01
3.383514995221048594e-04 1.712069206405431032e-05 5.715740262530744076e-04 8.241725154221057892e-03 2.689157554414123297e-04 1.408524811267852783e-03 9.891538023948669434e-01
1.782373874448239803e-04 2.143582969438284636e-05 4.497455956880003214e-04 4.187009762972593307e-03 1.424301532097160816e-03 2.595214406028389931e-03 9.911441802978515625e-01
9.838363528251647949e-01 1.709955104161053896e-04 1.625877048354595900e-04 1.344392774626612663e-03 6.054359022527933121e-03 1.198835088871419430e-04 8.311429992318153381e-03
6.471523549407720566e-03 3.969759272877126932e-04 5.413775332272052765e-03 4.315400496125221252e-02 2.537291031330823898e-03 8.366208523511886597e-02 8.583644032478332520e-01
2.286507078679278493e-04 6.712626054650172591e-05 6.131672416813671589e-04 8.444343805313110352e-01 9.202426299452781677e-04 5.037159426137804985e-04 1.532326191663742065e-01
9.504123032093048096e-02 1.902936724945902824e-03 5.581445097923278809e-01 2.772273868322372437e-02 2.216071784496307373e-01 1.619551330804824829e-02 7.938598841428756714e-02
4.703559679910540581e-04 1.076175467460416257e-04 2.029309835052117705e-04 7.213934063911437988e-01 1.957356464117765427e-03 9.798890678212046623e-04 2.748884260654449463e-01
6.982004046440124512e-01 8.074298384599387646e-04 8.913514320738613605e-04 8.235303685069084167e-03 1.655352562665939331e-01 8.412270690314471722e-04 1.254889667034149170e-01
5.112257786095142365e-03 3.571707929950207472e-04 8.991612121462821960e-03 5.241483822464942932e-02 2.830780856311321259e-02 7.438561413437128067e-03 8.973777294158935547e-01
6.695960182696580887e-04 7.371220272034406662e-05 9.774851202964782715e-01 5.073916632682085037e-03 3.941622562706470490e-03 1.800956437364220619e-03 1.095500029623508453e-02
7.245109081268310547e-01 5.969763151369988918e-04 1.424558809958398342e-03 8.399713784456253052e-03 8.419147133827209473e-02 1.043431810103356838e-03 1.798329055309295654e-01
1.157509628683328629e-02 2.909884206019341946e-04 3.412552177906036377e-03 7.434637751430273056e-03 3.000060329213738441e-03 3.055709041655063629e-02 9.437296390533447266e-01
1.592298154719173908e-03 5.268193854135461152e-05 1.432731398381292820e-03 6.721675745211541653e-04 5.920351948589086533e-03 7.297563832253217697e-03 9.830323457717895508e-01
4.054302189615555108e-05 1.870309097284916788e-05 6.201778160175308585e-05 9.958790540695190430e-01 6.554638821398839355e-05 5.325363017618656158e-04 3.401666413992643356e-03
2.355719916522502899e-02 1.170822652056813240e-03 6.636811047792434692e-02 3.233859315514564514e-02 4.898734688758850098e-01 7.093216292560100555e-03 3.795985877513885498e-01
1.758071128278970718e-03 2.750529092736542225e-04 1.328632794320583344e-02 3.468068316578865051e-03 3.975763393100351095e-04 9.718177318572998047e-01 8.997226133942604065e-03
4.948911257088184357e-03 3.912176762241870165e-04 3.044526278972625732e-02 3.586463257670402527e-02 2.674493007361888885e-02 9.731576777994632721e-03 8.918734192848205566e-01
1.038384437561035156e-02 6.009744829498231411e-04 1.868279725313186646e-01 7.060727570205926895e-03 6.945423483848571777e-01 3.393790218979120255e-03 9.719032049179077148e-02
6.278450135141611099e-03 7.345381163759157062e-05 2.599427942186594009e-03 9.052950772456824780e-04 9.377510286867618561e-04 1.056691817939281464e-02 9.786387085914611816e-01
8.589617162942886353e-02 1.808745786547660828e-03 5.522143244743347168e-01 2.024088054895401001e-02 1.999910324811935425e-01 4.863735288381576538e-02 9.121154248714447021e-02
8.533231019973754883e-01 4.403647617436945438e-04 6.509677623398602009e-04 2.134148031473159790e-03 8.916478604078292847e-02 5.225011846050620079e-04 5.376420542597770691e-02
1.894750050269067287e-03 5.973983206786215305e-04 7.307076454162597656e-02 2.170021384954452515e-01 2.657674811780452728e-02 4.642840102314949036e-02 6.344298124313354492e-01
1.103512127883732319e-03 7.219221151899546385e-05 1.116753742098808289e-02 7.659296970814466476e-04 1.495599281042814255e-02 1.976610906422138214e-02 9.521687626838684082e-01
9.773538708686828613e-01 2.552772930357605219e-04 5.616301787085831165e-04 5.895746289752423763e-04 1.823381148278713226e-02 1.174287244793958962e-04 2.888440620154142380e-03
1.834650029195472598e-04 1.184773136628791690e-04 1.563409809023141861e-03 9.307109713554382324e-01 1.014021327137015760e-04 6.096895411610603333e-02 6.353289354592561722e-03
1.989863812923431396e-03 9.844130545388907194e-05 1.048547029495239258e-02 2.432559244334697723e-02 1.424436341039836407e-03 7.966855540871620178e-03 9.537093639373779297e-01
6.140462937764823437e-04 6.028100324328988791e-05 1.234281517099589109e-04 4.874980449676513672e-02 2.274817088618874550e-03 1.905846758745610714e-03 9.462718367576599121e-01
7.544615655206143856e-04 7.160402219597017393e-06 2.811765880323946476e-04 1.959594083018600941e-04 6.478702998720109463e-04 4.895872552879154682e-04 9.976237416267395020e-01
9.994942229241132736e-04 2.433991721773054451e-05 1.081656955648213625e-04 1.468673162162303925e-02 1.277135103009641171e-03 3.520413010846823454e-04 9.825521707534790039e-01
5.514165852218866348e-03 2.160473013645969331e-05 4.237553221173584461e-04 4.025627567898482084e-04 3.341029514558613300e-04 1.673938706517219543e-03 9.916297793388366699e-01
2.482118550688028336e-03 6.672028393950313330e-05 9.330195374786853790e-03 5.011562607251107693e-04 2.954866969957947731e-03 1.738630607724189758e-02 9.672785401344299316e-01
7.514430908486247063e-04 2.729689003899693489e-05 9.445314208278432488e-05 1.213730499148368835e-02 1.548851840198040009e-03 7.189784664660692215e-04 9.847216010093688965e-01
2.978275006171315908e-04 1.180425388156436384e-04 6.800455739721655846e-04 9.623332619667053223e-01 1.078828427125699818e-04 2.464030310511589050e-02 1.182261109352111816e-02
8.800179362297058105e-01 3.123301139567047358e-04 4.501127696130424738e-04 3.297103801742196083e-03 2.167030237615108490e-02 4.984402330592274666e-04 9.375374019145965576e-02
3.425995819270610809e-03 6.352216587401926517e-04 4.936378076672554016e-02 1.828830093145370483e-01 1.323044020682573318e-02 6.069780141115188599e-02 6.897637248039245605e-01
3.819869831204414368e-03 3.528056258801370859e-04 8.906791806221008301e-01 1.700575277209281921e-02 4.397625103592872620e-03 6.048174202442169189e-02 2.326298877596855164e-02
9.240945655619725585e-05 5.446425711852498353e-05 2.356481418246403337e-04 9.858245849609375000e-01 5.009961387258954346e-05 1.101920008659362793e-02 2.723709214478731155e-03
1.616477221250534058e-02 2.409796870779246092e-04 1.105046197772026062e-01 2.949595451354980469e-03 3.627882897853851318e-02 2.988486783578991890e-03 8.308727145195007324e-01
2.186378231272101402e-03 2.170882544305641204e-05 2.322356449440121651e-03 2.565200848039239645e-04 6.503176991827785969e-04 2.640583552420139313e-03 9.919221401214599609e-01
3.184748056810349226e-04 2.770775608951225877e-06 1.509772555436939001e-04 1.809050882002338767e-04 1.432206336176022887e-04 3.088851808570325375e-04 9.988948702812194824e-01
1.197895966470241547e-03 5.663855699822306633e-04 1.007188633084297180e-01 1.916381157934665680e-02 6.250575184822082520e-01 3.502718638628721237e-03 2.497928738594055176e-01
2.419224620098248124e-05 9.653389497543685138e-06 2.838114232872612774e-05 9.993651509284973145e-01 1.049927595886401832e-04 4.275431274436414242e-05 4.248350451234728098e-04
1.645035296678543091e-01 5.163240712136030197e-04 9.655080502852797508e-04 1.112418249249458313e-02 2.260556370019912720e-01 1.279945718124508858e-03 5.955548882484436035e-01
9.617197792977094650e-04 5.065934965386986732e-05 9.609369039535522461e-01 2.417067997157573700e-03 6.091280374675989151e-03 8.808276616036891937e-04 2.866157703101634979e-02
7.868092507123947144e-02 2.566710754763334990e-04 8.658411912620067596e-03 2.931696362793445587e-03 3.065753262490034103e-03 6.771420128643512726e-03 8.996351361274719238e-01
1.525595486164093018e-01 4.599138046614825726e-04 4.359299782663583755e-04 5.993820726871490479e-02 2.520389668643474579e-02 7.242162246257066727e-04 7.606783509254455566e-01
1.402364141540601850e-04 6.179332558531314135e-05 2.223718620371073484e-04 9.885787963867187500e-01 1.508470159024000168e-03 3.151460841763764620e-04 9.173187427222728729e-03
1.724318135529756546e-03 7.871516572777181864e-06 2.204595366492867470e-04 1.944398536579683423e-04 3.873200330417603254e-04 4.113740578759461641e-04 9.970542192459106445e-01
9.902518987655639648e-01 1.542856916785240173e-04 1.375216525048017502e-04 1.608836348168551922e-03 2.435064641758799553e-03 1.282527664443477988e-04 5.284158978611230850e-03
4.550984886009246111e-05 2.859551932488102466e-05 5.763362423749640584e-05 9.941745400428771973e-01 6.466847844421863556e-05 1.692310208454728127e-03 3.936752211302518845e-03
2.525563910603523254e-02 9.569096146151423454e-04 3.804589807987213135e-01 1.170011982321739197e-02 3.019939735531806946e-02 3.961324691772460938e-02 5.118157267570495605e-01
9.425823227502405643e-04 1.213480845763115212e-05 1.096475170925259590e-03 2.931022318080067635e-04 8.220200543291866779e-04 1.071623060852289200e-03 9.957620501518249512e-01
3.267028660047799349e-04 2.855786988220643252e-05 4.900122876279056072e-04 1.339180953800678253e-02 3.679772489704191685e-04 3.125444753095507622e-03 9.822694063186645508e-01
9.028495550155639648e-01 4.486906691454350948e-04 2.962763828691095114e-04 4.917837213724851608e-03 4.245910421013832092e-02 2.845425333362072706e-04 4.874403774738311768e-02
6.131278496468439698e-05 3.066047065658494830e-05 7.541874219896271825e-05 9.930243492126464844e-01 1.492132432758808136e-04 7.368976948782801628e-04 5.922119133174419403e-03
2.938128454843536019e-05 1.031363353831693530e-05 3.439087959122844040e-05 9.990566372871398926e-01 1.268820778932422400e-04 4.572988837026059628e-05 6.966023356653749943e-04
1.144101098179817200e-02 5.816651391796767712e-04 4.300555679947137833e-03 4.879974722862243652e-01 3.554620314389467239e-03 1.217605546116828918e-02 4.799486100673675537e-01
1.212455332279205322e-03 3.969698809669353068e-05 1.569235138595104218e-02 9.247963316738605499e-04 1.946197263896465302e-02 1.034851418808102608e-03 9.616338610649108887e-01
2.113942205905914307e-01 5.152391968294978142e-04 1.201002276502549648e-03 9.627050720155239105e-03 2.588851749897003174e-01 1.236141892150044441e-03 5.171411633491516113e-01
2.522509917616844177e-02 3.946728247683495283e-04 4.616668156813830137e-04 8.828149177134037018e-03 7.126388549804687500e-01 9.565320797264575958e-04 2.514950633049011230e-01
2.224830165505409241e-02 1.074793050065636635e-03 2.900912165641784668e-01 8.537328802049160004e-03 6.656247423961758614e-04 6.672747135162353516e-01 1.010798010975122452e-02
9.970618411898612976e-04 2.520866109989583492e-04 8.163747191429138184e-02 2.355020260438323021e-03 6.314806342124938965e-01 4.327240865677595139e-03 2.789504826068878174e-01
9.573929309844970703e-01 4.805933567695319653e-04 6.058969884179532528e-04 3.915841225534677505e-03 2.233491465449333191e-02 4.670563212130218744e-04 1.480264030396938324e-02
4.325686693191528320e-01 6.411165813915431499e-04 1.707902061752974987e-03 8.287638425827026367e-03 1.891161501407623291e-01 1.298204762861132622e-03 3.663803637027740479e-01
6.064560511731542647e-05 2.694352770049590617e-05 8.380961662624031305e-05 9.974085688591003418e-01 9.646382386563345790e-05 7.602903060615062714e-04 1.563271624036133289e-03
4.844556387979537249e-04 6.199685685714939609e-06 1.097281783586367965e-04 2.971336070913821459e-04 1.948006218299269676e-03 2.341865911148488522e-04 9.969203472137451172e-01
5.858564400114119053e-04 7.237255340442061424e-05 1.631293853279203176e-04 3.029620945453643799e-01 1.027992810122668743e-03 1.408435404300689697e-03 6.937801241874694824e-01
7.452251911163330078e-01 7.421834743581712246e-04 6.326742586679756641e-04 5.923896562308073044e-03 1.772876232862472534e-01 5.294372094795107841e-04 6.965892016887664795e-02
5.246310830116271973e-01 1.018702634610235691e-03 1.217124285176396370e-03 3.412804752588272095e-02 1.182806938886642456e-01 1.042424002662301064e-03 3.196818828582763672e-01
1.200340921059250832e-03 1.591959589859470725e-04 3.025875426828861237e-03 2.755334414541721344e-02 2.584767062216997147e-03 1.976664178073406219e-02 9.457098245620727539e-01
4.889437463134527206e-03 9.853775845840573311e-04 7.531531155109405518e-02 1.594037562608718872e-01 1.894938945770263672e-02 1.959199905395507812e-01 5.445367097854614258e-01
2.891120675485581160e-04 1.963682916539255530e-05 5.079043694422580302e-05 2.144909091293811798e-02 4.541938251350075006e-04 7.161169196479022503e-04 9.770210385322570801e-01
5.312472421792335808e-05 8.834885375108569860e-05 3.231567516922950745e-02 3.534796705935150385e-04 9.591166973114013672e-01 3.219271893613040447e-04 7.750683929771184921e-03
3.031439155165571719e-05 1.110692210204433650e-05 3.999302498414181173e-05 9.988512992858886719e-01 1.629613543627783656e-04 4.263768641976639628e-05 8.617396233603358269e-04
3.115778975188732147e-02 4.277997941244393587e-04 1.185526791960000992e-02 3.079960588365793228e-03 7.318493127822875977e-01 1.037183334119617939e-03 2.205927222967147827e-01
9.366246871650218964e-03 8.463732228847220540e-05 4.955855198204517365e-03 1.142935245297849178e-03 7.449598051607608795e-03 1.938661560416221619e-03 9.750620722770690918e-01
2.319287275895476341e-03 1.319862076343270019e-05 1.915914472192525864e-04 3.033031825907528400e-04 2.822804963216185570e-04 1.257162890397012234e-03 9.956331849098205566e-01
