1.874548433988820761e-05
2.310086420038715005e-04
8.934661746025085449e-04
2.970715239644050598e-02
4.911318793892860413e-02
1.171388546936213970e-03
6.577511783689260483e-03
7.618124037981033325e-02
7.034482900053262711e-03
3.258025390096008778e-04
4.342094762250781059e-04
3.561891790013760328e-04
1.254634857177734375e-01
1.212610077345743775e-04
3.383514995221048594e-04
6.471523549407720566e-03
8.469689637422561646e-03
5.112257786095142365e-03
4.507342237047851086e-04
6.278450135141611099e-03
4.445071317604742944e-05
1.716689206659793854e-03
3.425995819270610809e-03
4.248748300597071648e-04
2.525563910603523254e-02
9.028495550155639648e-01
9.970618411898612976e-04
7.452251911163330078e-01
