9.994460940361022949e-01
1.567749422974884510e-04
2.628585207276046276e-04
3.752411305904388428e-01
8.294035680592060089e-03
7.119584083557128906e-01
2.554432023316621780e-03
1.697559282183647156e-02
1.977944970130920410e-01
6.371159106492996216e-02
2.259113080799579620e-02
7.703539729118347168e-01
4.382237046957015991e-02
9.893091917037963867e-01
8.241725154221057892e-03
4.315400496125221252e-02
1.896812021732330322e-02
5.241483822464942932e-02
5.654938220977783203e-01
9.052950772456824780e-04
9.926183819770812988e-01
1.269622123800218105e-03
1.828830093145370483e-01
1.145068369805812836e-02
1.170011982321739197e-02
4.917837213724851608e-03
2.355020260438323021e-03
5.923896562308073044e-03
