1.785970744094811380e-05
5.389339639805257320e-04
3.542495251167565584e-04
1.523049827665090561e-02
8.575878106057643890e-03
7.520660758018493652e-03
7.721147686243057251e-02
9.317405056208372116e-04
3.782558143138885498e-01
8.305623196065425873e-04
1.105041010305285454e-03
8.688697562320157886e-05
1.679021515883505344e-03
5.023033358156681061e-03
5.715740262530744076e-04
5.413775332272052765e-03
3.342149546369910240e-03
8.991612121462821960e-03
4.003507085144519806e-03
2.599427942186594009e-03
5.419765147962607443e-05
1.426488067954778671e-02
4.936378076672554016e-02
7.141449168557301164e-05
3.804589807987213135e-01
2.962763828691095114e-04
8.163747191429138184e-02
6.326742586679756641e-04
