1.297747623175382614e-02
1.287829726934432983e-01
2.708870684728026390e-03
1.273687370121479034e-02
2.760115563869476318e-01
6.354924757033586502e-03
2.340348958969116211e-01
9.655419737100601196e-02
1.700862310826778412e-02
7.557646036148071289e-01
2.170491591095924377e-02
8.556643128395080566e-01
9.941371679306030273e-01
9.172969460487365723e-01
8.221620917320251465e-01
4.156741779297590256e-03
2.866093218326568604e-01
9.630261659622192383e-01
9.648973345756530762e-01
2.955355308949947357e-02
7.854548692703247070e-01
9.963586926460266113e-01
9.244501590728759766e-01
6.324645280838012695e-01
9.836670160293579102e-01
7.469014525413513184e-01
8.932250738143920898e-01
9.931829571723937988e-01
1.875163405202329159e-03
7.075717449188232422e-01
9.986839890480041504e-01
4.383209943771362305e-01
9.946356415748596191e-01
7.885513305664062500e-01
7.299507856369018555e-01
1.231273561716079712e-01
6.726973056793212891e-01
5.354306697845458984e-01
7.031671702861785889e-02
9.842925667762756348e-01
2.849584911018610001e-03
7.927599945105612278e-04
9.770109057426452637e-01
4.176237434148788452e-02
9.763662815093994141e-01
1.852190345525741577e-01
3.295785188674926758e-01
8.616045117378234863e-02
6.357187405228614807e-03
9.969363212585449219e-01
9.742972850799560547e-01
9.669833779335021973e-01
8.349703550338745117e-01
9.596006274223327637e-01
7.221363186836242676e-01
9.819631464779376984e-03
5.978562310338020325e-02
4.955749958753585815e-03
2.422540076076984406e-02
6.603056192398071289e-01
1.131564751267433167e-02
4.533175826072692871e-01
4.191624522209167480e-01
3.696429729461669922e-01
2.235365658998489380e-02
9.935182929039001465e-01
9.738451838493347168e-01
3.767561614513397217e-01
8.268678188323974609e-01
7.820475697517395020e-01
2.779196798801422119e-01
9.603856205940246582e-01
8.525001406669616699e-01
2.235286869108676910e-02
3.620804927777498960e-04
9.923540353775024414e-01
9.900915622711181641e-01
5.394799709320068359e-01
7.773042321205139160e-01
2.266587913036346436e-01
6.378852128982543945e-01
3.731689155101776123e-01
9.982318282127380371e-01
8.987853527069091797e-01
9.979471564292907715e-01
9.886237382888793945e-01
5.783941596746444702e-02
3.987078368663787842e-01
4.022232294082641602e-01
2.223040722310543060e-02
6.292448639869689941e-01
1.636548340320587158e-02
9.819600582122802734e-01
3.386172698810696602e-03
8.748260140419006348e-01
9.980999827384948730e-01
8.908661007881164551e-01
1.763822138309478760e-01
9.802238941192626953e-01
9.817442297935485840e-01
8.486152887344360352e-01
9.891538023948669434e-01
9.911441802978515625e-01
8.311429992318153381e-03
8.583644032478332520e-01
1.532326191663742065e-01
7.938598841428756714e-02
2.748884260654449463e-01
1.254889667034149170e-01
8.973777294158935547e-01
1.095500029623508453e-02
1.798329055309295654e-01
9.437296390533447266e-01
9.830323457717895508e-01
3.401666413992643356e-03
3.795985877513885498e-01
8.997226133942604065e-03
8.918734192848205566e-01
9.719032049179077148e-02
9.786387085914611816e-01
9.121154248714447021e-02
5.376420542597770691e-02
6.344298124313354492e-01
9.521687626838684082e-01
2.888440620154142380e-03
6.353289354592561722e-03
9.537093639373779297e-01
9.462718367576599121e-01
9.976237416267395020e-01
9.825521707534790039e-01
9.916297793388366699e-01
9.672785401344299316e-01
9.847216010093688965e-01
1.182261109352111816e-02
9.375374019145965576e-02
6.897637248039245605e-01
2.326298877596855164e-02
2.723709214478731155e-03
8.308727145195007324e-01
9.919221401214599609e-01
9.988948702812194824e-01
2.497928738594055176e-01
4.248350451234728098e-04
5.955548882484436035e-01
2.866157703101634979e-02
8.996351361274719238e-01
7.606783509254455566e-01
9.173187427222728729e-03
9.970542192459106445e-01
5.284158978611230850e-03
3.936752211302518845e-03
5.118157267570495605e-01
9.957620501518249512e-01
9.822694063186645508e-01
4.874403774738311768e-02
5.922119133174419403e-03
6.966023356653749943e-04
4.799486100673675537e-01
9.616338610649108887e-01
5.171411633491516113e-01
2.514950633049011230e-01
1.010798010975122452e-02
2.789504826068878174e-01
1.480264030396938324e-02
3.663803637027740479e-01
1.563271624036133289e-03
9.969203472137451172e-01
6.937801241874694824e-01
6.965892016887664795e-02
3.196818828582763672e-01
9.457098245620727539e-01
5.445367097854614258e-01
9.770210385322570801e-01
7.750683929771184921e-03
8.617396233603358269e-04
2.205927222967147827e-01
9.750620722770690918e-01
9.956331849098205566e-01
