4.404859282658435404e-05
9.959456324577331543e-01
2.466146368533372879e-03
4.620069172233343124e-03
4.108521938323974609e-01
1.285077929496765137e-01
1.110044680535793304e-02
3.347497582435607910e-01
2.027301350608468056e-03
2.867123810574412346e-03
5.490129441022872925e-02
5.460160900838673115e-04
1.888048946857452393e-01
1.965898700291290879e-04
2.689157554414123297e-04
2.537291031330823898e-03
2.073995023965835571e-02
2.830780856311321259e-02
8.714131545275449753e-04
9.377510286867618561e-04
5.097707035019993782e-04
7.478447631001472473e-03
1.323044020682573318e-02
3.433925798162817955e-03
3.019939735531806946e-02
4.245910421013832092e-02
6.314806342124938965e-01
1.772876232862472534e-01
