2.084251464111730456e-04
9.245073306374251842e-04
3.879636351484805346e-04
3.327087324578315020e-04
1.895394525490701199e-03
1.467032171785831451e-02
3.711366280913352966e-02
2.044499851763248444e-02
1.657592219999060035e-04
1.156943035311996937e-03
1.958841894520446658e-04
8.189948275685310364e-03
2.041716797975823283e-04
2.122942171990871429e-02
7.073118351399898529e-03
1.528839347884058952e-04
6.310027837753295898e-01
1.141525898128747940e-02
1.201411988586187363e-02
7.237508543767035007e-04
1.733984351158142090e-01
8.724502986297011375e-04
3.096716478466987610e-02
4.020975157618522644e-02
2.529602032154798508e-03
3.551942110061645508e-02
1.433652453124523163e-02
1.056387554854154587e-03
1.094973340514115989e-04
1.506725442595779896e-03
3.202753723599016666e-04
7.195331854745745659e-04
1.372766448184847832e-03
1.455692923627793789e-03
1.537551986984908581e-03
1.175381010398268700e-03
2.082350477576255798e-02
3.856950625777244568e-02
4.107727727387100458e-04
8.910207077860832214e-03
2.055646851658821106e-02
6.402281724149361253e-05
2.497891429811716080e-03
5.396642372943460941e-04
9.222283028066158295e-03
1.415987685322761536e-02
5.096542462706565857e-02
6.526296492666006088e-04
1.081724403775297105e-04
1.255090464837849140e-04
6.331956828944385052e-04
1.940525253303349018e-03
2.028401941061019897e-03
1.368539035320281982e-02
2.316863276064395905e-03
1.884960074676200747e-04
5.854318849742412567e-03
1.340827730018645525e-04
6.838939152657985687e-04
6.058062426745891571e-03
2.135455142706632614e-04
2.471020445227622986e-03
1.595710404217243195e-03
8.836364140734076500e-04
2.162545133614912629e-04
2.062465297058224678e-03
3.165048314258456230e-03
5.470120310783386230e-01
5.954086780548095703e-03
7.040303666144609451e-03
6.745652854442596436e-02
3.314198926091194153e-03
1.198335438966751099e-01
7.933105807751417160e-04
2.674734059837646782e-05
1.855957554653286934e-03
3.074466949328780174e-03
1.314789205789566040e-01
8.503380231559276581e-04
1.901207026094198227e-03
1.601629308424890041e-03
1.286877552047371864e-03
3.153138968627899885e-04
1.663355506025254726e-03
1.167696755146607757e-04
1.699071377515792847e-03
2.837587671820074320e-04
1.109053194522857666e-02
4.730623215436935425e-03
6.743637844920158386e-03
1.366245560348033905e-03
1.950936421053484082e-04
8.835638291202485561e-04
1.249131164513528347e-03
5.324834026396274567e-03
5.113144870847463608e-04
3.938756510615348816e-02
7.644233410246670246e-04
6.252517923712730408e-03
6.249365396797657013e-03
9.698205441236495972e-02
1.408524811267852783e-03
2.595214406028389931e-03
1.198835088871419430e-04
8.366208523511886597e-02
5.037159426137804985e-04
1.619551330804824829e-02
9.798890678212046623e-04
8.412270690314471722e-04
7.438561413437128067e-03
1.800956437364220619e-03
1.043431810103356838e-03
3.055709041655063629e-02
7.297563832253217697e-03
5.325363017618656158e-04
7.093216292560100555e-03
9.718177318572998047e-01
9.731576777994632721e-03
3.393790218979120255e-03
1.056691817939281464e-02
4.863735288381576538e-02
5.225011846050620079e-04
4.642840102314949036e-02
1.976610906422138214e-02
1.174287244793958962e-04
6.096895411610603333e-02
7.966855540871620178e-03
1.905846758745610714e-03
4.895872552879154682e-04
3.520413010846823454e-04
1.673938706517219543e-03
1.738630607724189758e-02
7.189784664660692215e-04
2.464030310511589050e-02
4.984402330592274666e-04
6.069780141115188599e-02
6.048174202442169189e-02
1.101920008659362793e-02
2.988486783578991890e-03
2.640583552420139313e-03
3.088851808570325375e-04
3.502718638628721237e-03
4.275431274436414242e-05
1.279945718124508858e-03
8.808276616036891937e-04
6.771420128643512726e-03
7.242162246257066727e-04
3.151460841763764620e-04
4.113740578759461641e-04
1.282527664443477988e-04
1.692310208454728127e-03
3.961324691772460938e-02
1.071623060852289200e-03
3.125444753095507622e-03
2.845425333362072706e-04
7.368976948782801628e-04
4.572988837026059628e-05
1.217605546116828918e-02
1.034851418808102608e-03
1.236141892150044441e-03
9.565320797264575958e-04
6.672747135162353516e-01
4.327240865677595139e-03
4.670563212130218744e-04
1.298204762861132622e-03
7.602903060615062714e-04
2.341865911148488522e-04
1.408435404300689697e-03
5.294372094795107841e-04
1.042424002662301064e-03
1.976664178073406219e-02
1.959199905395507812e-01
7.161169196479022503e-04
3.219271893613040447e-04
4.263768641976639628e-05
1.037183334119617939e-03
1.938661560416221619e-03
1.257162890397012234e-03
