7.470467153325444087e-06
8.590598736191168427e-05
1.491037892265012488e-05
1.200939877890050411e-03
5.010697059333324432e-04
4.689991183113306761e-04
1.097468484658747911e-04
6.835106760263442993e-04
6.576360901817679405e-04
4.204882134217768908e-05
1.306641061091795564e-04
9.691103332443162799e-05
7.434213184751570225e-04
9.090782259590923786e-05
1.712069206405431032e-05
3.969759272877126932e-04
6.823308649472892284e-04
3.571707929950207472e-04
1.170097675640136003e-04
7.345381163759157062e-05
2.255182516819331795e-05
6.330919131869450212e-05
6.352216587401926517e-04
2.374382893322035670e-05
9.569096146151423454e-04
4.486906691454350948e-04
2.520866109989583492e-04
7.421834743581712246e-04
