8.114840311392251593e+00
-4.338609491605476265e+00
3.720757450328494542e+01
-9.424789764688961569e+00
-5.607245037764346129e+00
-4.543666947586307181e+00
1.897138230062314435e+01
1.251472964338149918e+00
6.630686009895587318e+00
-5.362074762918025428e+00
2.109064788154866577e+01
1.479433406545117613e+01
8.639768012943992659e+00
-8.896096412923075292e+00
1.104048396473164217e+01
-1.571494073471095554e+01
2.627549496857773192e+01
-1.161291552685022266e+00
-3.135617613693376882e+00
-2.563482821681057544e+01
-6.373767750301609247e+00
3.227201637931197098e+01
1.091150727669990594e+01
-4.693213437807191468e+00
-2.390761505916616869e+01
7.839676928968629888e+00
2.223571826551673070e+00
7.688433346005514757e+00
