-1.785587993668901561e+02
-1.784561541759003944e+02
-1.795896317626107077e+02
-1.794785178057434223e+02
1.765570793268758223e+02
-1.749201597297312958e+02
1.786302782106629081e+02
-1.785048357425299059e+02
-1.789225650132194403e+02
-1.784830968691647683e+02
-1.786990081087120075e+02
-1.794285386977002190e+02
-1.793368486576549117e+02
-1.761551051530550751e+02
1.793783417255843347e+02
-1.791340899971190481e+02
1.707750704894295950e+02
-1.797529350431331352e+02
-1.788206172016958817e+02
-1.795387449287271977e+02
-1.784684931122442890e+02
1.764833593297290690e+02
-1.789625393943559857e+02
1.780229252077765238e+02
1.788680334532813561e+02
1.777696636069013607e+02
-1.790799078860171107e+02
1.789209112291730435e+02
-1.784422700784568292e+02
-1.782463902565054354e+02
-1.793259732161931197e+02
-1.794115663141409698e+02
-1.747390573972297716e+02
1.799419085320651561e+02
1.790553277498602256e+02
-1.770228534928517945e+02
-1.775042997838134511e+02
1.799638324183990505e+02
-1.785623724268262151e+02
-1.775312252350740891e+02
-1.792198070655660729e+02
-1.791719841115140639e+02
-1.793418686866245366e+02
-1.790279773045395189e+02
-1.789990986059303282e+02
1.794750625069424927e+02
1.778708048476582633e+02
-1.779647378580149564e+02
-1.786403718851179008e+02
-1.791128488282787430e+02
-1.785774971339904198e+02
-1.762522491289872733e+02
-1.788694482939403372e+02
1.791918251859449640e+02
1.799344168305016467e+02
-1.781058928199024649e+02
-1.763552509078897685e+02
-1.796194845786309884e+02
-1.764563551890803410e+02
-1.776657315046173267e+02
1.796956772428833062e+02
1.794149663788354587e+02
-1.787486630071031186e+02
-1.789880732786294004e+02
-1.786201632000861821e+02
-1.782622535024784156e+02
-1.772589522463530898e+02
-1.068579112875798955e+02
-1.792191615854376892e+02
-1.747310795153920537e+02
-1.787762540774853903e+02
1.798976481854116685e+02
1.792839088818328150e+02
1.797371434035247546e+02
-1.778607465210451721e+02
-1.759943052616646071e+02
-1.730186318443688833e+02
-1.793629401214884638e+02
-1.797433714481144307e+02
-1.795507157129162863e+02
-1.789785570116657709e+02
-1.792444723113650582e+02
1.778625040463042239e+02
-1.792711795611792240e+02
-1.796717683759458168e+02
1.791180929018014751e+02
-1.797557282212145537e+02
-1.784786619769183176e+02
-1.776377144390372678e+02
-1.781653153334641217e+02
-1.787444832586697032e+02
-1.791739240889347684e+02
-1.788292594214099722e+02
-1.793521345607946955e+02
-1.774395103320476892e+02
-1.794890072512187089e+02
-1.787772150264905235e+02
-1.782068345486446788e+02
-1.787452817644704623e+02
-1.735412791163441852e+02
-1.782868509820605141e+02
-1.792971346946657718e+02
-1.740705706810635434e+02
-1.786780624093608481e+02
1.759299061182335038e+02
1.793167908651887217e+02
-1.793076717849124293e+02
-1.782806920849195365e+02
-1.792743249456310082e+02
-1.791090342956273673e+02
-1.793124901983137249e+02
1.798581129137209018e+02
-1.797893346490666318e+02
-1.738713536909206994e+02
-1.792166652346754461e+02
-1.763778429315702567e+02
-1.792383479785855229e+02
-1.792245435854031257e+02
-1.794930669262180345e+02
1.792303776481215039e+02
-1.787036445265726456e+02
-1.797916576631086798e+02
1.797129249445620474e+02
-1.780878714199154160e+02
-1.791335436047552037e+02
1.787487531567780650e+02
1.793120738319714462e+02
-1.781908513739510340e+02
1.795592567010966434e+02
1.799611398803482700e+02
1.774699074029195174e+02
-1.780982945715213646e+02
-1.782088265342927400e+02
1.795444964894093118e+02
-1.789256911933659069e+02
-1.768849996782646201e+02
-1.796386242965681390e+02
-1.792085242513831815e+02
-1.785624886078220754e+02
-1.789399484649717635e+02
-1.777941854679420999e+02
-1.793360357670779024e+02
-1.786050327236895612e+02
-1.795647227407786488e+02
-1.793568326583642545e+02
-1.792404499196367169e+02
-1.786761457697370759e+02
-1.761252885999842590e+02
1.791828258240602167e+02
-1.787873207343584170e+02
-1.792520589065763659e+02
1.792204804823569759e+02
-1.758946700884706047e+02
-1.794854832307601100e+02
-1.790830518156488722e+02
-1.775041095198955077e+02
-1.782204820525308548e+02
-1.794568616171660835e+02
1.799876407797721640e+02
-1.786317101560990181e+02
-1.785803690997380500e+02
-1.783917662251276397e+02
-1.782895726916273134e+02
-1.782470705130851911e+02
-1.798590039727685053e+02
-1.796500781323040599e+02
-1.791352693775932039e+02
-1.789375461641249103e+02
-1.785778006072401354e+02
-1.791481330872352942e+02
1.795839461449546093e+02
-1.786885604618031778e+02
-1.781335327814560117e+02
-1.790618099355534980e+02
-1.783673155101623138e+02
-1.789482684805014685e+02
1.794539994872069713e+02
-1.795925607882990107e+02
