-1.906554929250276231e+01
-1.221043351091664242e+01
-1.235928997017957442e+01
8.086500613465020137e+00
-2.327866445170891030e+00
3.377738185655841718e+00
-1.242727540898446037e+01
-2.857730830191465898e+00
7.909113094906000896e+00
1.030943024621049631e+01
4.373805556125063276e+00
-1.075207268966092578e+01
2.489573162128678185e-01
-2.415670281011027820e-01
-2.145151943578645870e+01
7.840889624888649934e+00
-1.596092125634915249e+01
-1.981324967646036583e+01
-7.650101509896596319e+00
-1.540331931168278778e+01
-9.519657583041684745e+00
-1.111714468043797410e+01
-6.275448401530081988e+00
-6.158329620709073637e+00
-1.568418017330342984e+01
-2.056599077877852011e+01
-1.611276421032627582e+01
-1.155944909890296657e+01
-9.968023750886237266e+00
5.360389566673744000e+00
-1.570584383693737074e+01
9.821463269729411749e+00
6.389884145245364744e-01
8.981732793592708264e-01
-1.859979221459008158e+01
-9.480709995678960667e+00
-4.281868873394500064e+00
-6.764198437638770933e+00
8.216969580024672481e+00
-7.160982132019626079e+00
-2.821372769596042662e+00
4.393498925865688243e+00
-8.759174502353706870e+00
4.594148202351385990e+00
-6.656508813596397900e-01
-1.025188819686285591e+01
-9.702651370121829544e+00
-1.340519424909404300e+01
9.457073778555347587e+00
4.534280588499648434e-01
-1.264264410311511710e+01
-2.099571201836355527e+01
5.929737938834674260e+00
5.386425080415659927e+00
3.250755803955168499e+00
1.060161376772423658e+01
-2.025839272770749933e+00
6.482400809791243113e+00
-1.016903386415835975e+01
3.139194837569101448e+00
-1.242362497946939293e+01
2.550918593633626053e+00
4.154897052590715845e+00
7.437806892862435681e+00
5.554142030970931287e+00
-2.272036495323736105e+01
-1.549414930791186329e+01
1.501300768627633886e+01
-4.307438012482806222e+00
2.946713960538297261e+00
-4.543464455994208784e+00
-5.112651153011332106e+00
-9.439658065953169697e+00
-4.236430143390812475e+00
-1.101978147181246293e+01
-5.604146217947842068e+00
-5.706597696729839297e-01
-7.210183409545203759e+00
4.164537139646761199e-01
-5.230390567045768435e+00
2.436320469790223431e+00
1.132185546229612250e+01
-6.897218691767210252e+00
-2.187892161646561195e+00
-4.110030364433327144e+00
-7.950369340639546145e+00
5.217999346830753282e+00
-3.385699129880316960e+00
-1.133828823447861822e+01
-1.710394171429271637e+01
1.502081057190064184e-01
3.590596963549112619e+00
-4.780061397292766578e+00
-7.732055729708206648e+00
-3.386957610520431317e+00
-8.996340583021686044e+00
-1.876847555494963515e+01
8.474627968732541206e+00
-1.487934785441508012e+01
-1.991804530773233939e+00
-2.760944427436231763e+01
-1.091284234220171356e+01
-8.983315636776991298e+00
1.025898520059926255e+01
-1.147334854832484297e+01
-4.970346764015633134e+00
-8.113414181060761621e+00
-1.853078389664454306e+01
3.361970052040205825e+00
-2.012173632392174838e+00
-4.773925365792986319e+00
2.003013201806092436e+00
-4.173998541102879045e+00
1.014484742285955754e+00
-1.070696765801421968e+01
-5.917241249024661975e+00
-3.403128074946344128e+01
9.838046377231590700e-01
2.055875023845828764e+00
-2.407656905921818691e+00
6.808926343458475694e-01
3.554899651757650325e+00
-7.676605991063063072e+00
2.018406895490367337e+00
5.574144772344422627e-01
-3.078007750169109435e+00
-1.643251091371393002e+01
-1.922143172112547482e+00
-1.155496107860171406e+01
-2.380092828860810528e+00
-3.567725765229486257e+00
-4.996389333519997145e+00
8.623533675125301112e-01
-8.747275872548408771e+00
8.537118803800114009e+00
-1.687438952539310089e+00
-7.599770066358145115e+00
-5.616005381664582963e+00
-2.167503655483572267e+00
-7.107797143713201038e+00
-1.087478031666119271e+01
2.295269446338970010e-01
-1.548404602495900484e+01
7.506311474452283861e+00
-6.029745828139891906e+00
-1.042365597050577186e+01
-5.042698035603406792e-01
-1.067984959526955180e+01
-1.651540246731899941e+01
9.128756313499795993e+00
-5.812173850720076196e+00
-1.453415049984653606e+01
-9.593922713309332551e+00
-8.611281168391938579e+00
9.670143869268640557e+00
-1.452337816271956150e+01
-1.749120093780922147e+01
-9.869727257401679665e+00
-6.624354689191794598e+00
8.872529832057489685e+00
8.214695275930148810e+00
-2.605225046140757073e+01
1.387129812425802466e+00
7.244162536735578861e+00
6.778591125879284363e+00
-8.074738830018722169e+00
-1.090682933334643856e+01
-5.894846079378417425e-01
1.039826136683368674e+01
1.021348917113144950e+01
-1.621543539168756354e+01
-3.482436672593415938e+00
8.194254157823240847e-01
-6.310948189205878300e+00
-1.539667792218995857e+01
-3.538191527347169796e+00
-1.178981906534572666e+01
-3.098285203270940258e+00
