-6.760251522064208984e-02
-6.486815214157104492e-02
-5.024415254592895508e-02
-6.145018339157104492e-02
-7.260742783546447754e-02
-9.191894531250000000e-02
-8.012694120407104492e-02
-2.117431759834289551e-01
-2.536132931709289551e-01
-3.693848848342895508e-02
-3.693848848342895508e-02
-7.646483182907104492e-02
-1.000488400459289551e-01
-1.101806759834289551e-01
-1.118652224540710449e-01
-8.474120497703552246e-02
-7.971191406250000000e-02
-8.293455839157104492e-02
-1.194091737270355225e-01
-8.457031846046447754e-02
-1.137939691543579102e-01
-1.951904296875000000e-01
6.237792968750000000e-02
2.174804806709289551e-01
3.354492187500000000e-01
3.627929687500000000e-01
3.315429687500000000e-01
3.216064572334289551e-01
3.122558593750000000e-01
2.956298589706420898e-01
2.930908203125000000e-01
3.166503906250000000e-01
3.218749761581420898e-01
3.323242068290710449e-01
3.243896365165710449e-01
3.288086056709289551e-01
3.260742425918579102e-01
3.517578244209289551e-01
3.405273556709289551e-01
3.545898199081420898e-01
3.458007574081420898e-01
3.423827886581420898e-01
3.151366710662841797e-01
2.528564333915710449e-01
2.733642458915710449e-01
3.114258050918579102e-01
3.444579839706420898e-01
3.696533441543579102e-01
3.423827886581420898e-01
9.714353084564208984e-02
1.129394769668579102e-01
6.616210937500000000e-02
-1.785644590854644775e-01
-1.581543087959289551e-01
-1.911132931709289551e-01
-1.995849609375000000e-01
5.793458223342895508e-02
-6.450194120407104492e-02
-8.476561307907104492e-02
-4.826658964157104492e-02
