7.974364757537841797e-01 -6.760251522064208984e-02
8.102051019668579102e-01 -6.787109375000000000e-02
8.214843273162841797e-01 -7.167968153953552246e-02
8.279784917831420898e-01 -8.671873807907104492e-02
8.283448219299316406e-01 -9.504395723342895508e-02
8.166992664337158203e-01 -9.431153535842895508e-02
7.999267578125000000e-01 -8.264160156250000000e-02
7.824463844299316406e-01 -6.862795352935791016e-02
7.681884765625000000e-01 -5.925291776657104492e-02
7.557129859924316406e-01 -5.466309189796447754e-02
7.493164539337158203e-01 -5.288085341453552246e-02
7.495361566543579102e-01 -5.795899033546447754e-02
7.547851800918579102e-01 -6.044921278953552246e-02
7.623534202575683594e-01 -6.333005428314208984e-02
7.713866233825683594e-01 -6.486815214157104492e-02
7.814697027206420898e-01 -6.625974178314208984e-02
7.888672351837158203e-01 -6.911620497703552246e-02
7.972412109375000000e-01 -7.055664062500000000e-02
8.004394769668579102e-01 -6.772461533546447754e-02
8.008544445037841797e-01 -6.838378310203552246e-02
8.048095703125000000e-01 -6.826171278953552246e-02
8.034912347793579102e-01 -6.540527939796447754e-02
8.054443597793579102e-01 -6.394043564796447754e-02
8.072265386581420898e-01 -5.988770723342895508e-02
8.085694313049316406e-01 -5.898439884185791016e-02
8.089599609375000000e-01 -5.632323026657104492e-02
8.087158203125000000e-01 -4.995116591453552246e-02
8.103516101837158203e-01 -4.916992783546447754e-02
8.071289062500000000e-01 -5.097657442092895508e-02
8.053467273712158203e-01 -5.024415254592895508e-02
8.044433593750000000e-01 -5.002442002296447754e-02
8.010985851287841797e-01 -5.124512314796447754e-02
7.987549304962158203e-01 -4.975587129592895508e-02
7.958984375000000000e-01 -5.146485567092895508e-02
7.958984375000000000e-01 -5.239260196685791016e-02
7.931396961212158203e-01 -5.278319120407104492e-02
7.940673828125000000e-01 -5.393067002296447754e-02
7.919189929962158203e-01 -5.244141817092895508e-02
7.919921875000000000e-01 -5.344238877296447754e-02
7.916991710662841797e-01 -5.136716365814208984e-02
7.922120094299316406e-01 -5.317384004592895508e-02
7.906737327575683594e-01 -5.405274033546447754e-02
7.924560308456420898e-01 -5.541992187500000000e-02
7.927001714706420898e-01 -5.998533964157104492e-02
7.939453125000000000e-01 -6.145018339157104492e-02
7.950928211212158203e-01 -6.486815214157104492e-02
8.004882335662841797e-01 -6.674802303314208984e-02
8.078613281250000000e-01 -6.730955839157104492e-02
8.076660633087158203e-01 -6.901854276657104492e-02
8.041260242462158203e-01 -7.158201932907104492e-02
8.054199218750000000e-01 -6.831055879592895508e-02
8.049316406250000000e-01 -6.948241591453552246e-02
8.032715320587158203e-01 -6.879884004592895508e-02
8.041503429412841797e-01 -6.767576932907104492e-02
8.049805164337158203e-01 -6.650388240814208984e-02
8.057129383087158203e-01 -6.938475370407104492e-02
8.097412586212158203e-01 -6.906738877296447754e-02
8.137695789337158203e-01 -7.004395127296447754e-02
8.156493902206420898e-01 -7.114255428314208984e-02
8.193359375000000000e-01 -7.260742783546447754e-02
8.221924304962158203e-01 -7.158201932907104492e-02
8.251709938049316406e-01 -7.275390625000000000e-02
8.287353515625000000e-01 -7.243651151657104492e-02
8.336670398712158203e-01 -7.399901747703552246e-02
8.372802734375000000e-01 -7.465821504592895508e-02
8.374512195587158203e-01 -7.739257812500000000e-02
8.359863758087158203e-01 -7.753905653953552246e-02
8.331542015075683594e-01 -7.856446504592895508e-02
8.280518054962158203e-01 -7.956543564796447754e-02
8.224853277206420898e-01 -8.222657442092895508e-02
8.243408203125000000e-01 -8.608397841453552246e-02
8.260498046875000000e-01 -8.676755428314208984e-02
8.323242664337158203e-01 -9.003907442092895508e-02
8.445067405700683594e-01 -9.357911348342895508e-02
8.583984375000000000e-01 -9.191894531250000000e-02
8.731689453125000000e-01 -9.755861759185791016e-02
8.914062976837158203e-01 -1.010742187500000000e-01
9.166748523712158203e-01 -1.118164062500000000e-01
9.480712413787841797e-01 -1.187011599540710449e-01
9.777343273162841797e-01 -1.270507872104644775e-01
1.031030178070068359e+00 -1.236816346645355225e-01
1.072680711746215820e+00 -1.246093809604644775e-01
1.102294921875000000e+00 -1.236572265625000000e-01
1.121826171875000000e+00 -7.841795682907104492e-02
1.210839867591857910e+00 -1.289062500000000000e-01
1.214648485183715820e+00 -8.508300781250000000e-02
1.248828172683715820e+00 -7.746583223342895508e-02
1.274926662445068359e+00 -7.253420352935791016e-02
1.292749047279357910e+00 -7.499998807907104492e-02
1.318676710128784180e+00 -8.012694120407104492e-02
1.338867187500000000e+00 -7.932126522064208984e-02
1.364672899246215820e+00 -8.786621689796447754e-02
1.380908250808715820e+00 -8.835449814796447754e-02
1.391406297683715820e+00 -9.091794490814208984e-02
1.411132812500000000e+00 -9.443360567092895508e-02
1.424658179283142090e+00 -1.000732481479644775e-01
1.438134789466857910e+00 -1.023681759834289551e-01
1.455127000808715820e+00 -1.135497987270355225e-01
1.469116210937500000e+00 -1.251708865165710449e-01
1.483032226562500000e+00 -1.461425721645355225e-01
1.496728539466857910e+00 -1.606933474540710449e-01
1.512573242187500000e+00 -1.767333745956420898e-01
1.524316310882568359e+00 -1.917236447334289551e-01
1.541845798492431641e+00 -2.049560546875000000e-01
1.545971870422363281e+00 -2.117431759834289551e-01
1.554614305496215820e+00 -2.243652343750000000e-01
1.562719821929931641e+00 -2.342773377895355225e-01
1.567749023437500000e+00 -2.413330078125000000e-01
1.581030368804931641e+00 -2.525634765625000000e-01
1.596191406250000000e+00 -2.600341737270355225e-01
1.613354682922363281e+00 -2.679199278354644775e-01
1.630541801452636719e+00 -2.722656130790710449e-01
1.629126071929931641e+00 -2.753906250000000000e-01
1.632470607757568359e+00 -2.778076231479644775e-01
1.636157274246215820e+00 -2.786132693290710449e-01
1.647973537445068359e+00 -2.771972715854644775e-01
1.662646532058715820e+00 -2.777343690395355225e-01
1.675292968750000000e+00 -2.715576291084289551e-01
1.687475681304931641e+00 -2.645019590854644775e-01
1.687500000000000000e+00 -2.536132931709289551e-01
1.682275295257568359e+00 -2.460937500000000000e-01
1.670336723327636719e+00 -2.384033203125000000e-01
1.649145603179931641e+00 -2.288330197334289551e-01
1.649145603179931641e+00 -2.288330197334289551e-01
1.570483446121215820e+00 -2.150146365165710449e-01
1.544457912445068359e+00 -1.754150390625000000e-01
1.501660108566284180e+00 -1.605712771415710449e-01
1.482202053070068359e+00 -1.434570550918579102e-01
1.457885742187500000e+00 -1.252441406250000000e-01
1.436181664466857910e+00 -1.099365353584289551e-01
1.415673851966857910e+00 -7.827147841453552246e-02
1.384252905845642090e+00 -6.257325410842895508e-02
1.341796875000000000e+00 -5.895996093750000000e-02
1.318871974945068359e+00 -5.180662870407104492e-02
1.286962866783142090e+00 -3.693848848342895508e-02
1.265063524246215820e+00 -1.198729872703552246e-02
1.242919921875000000e+00 4.809558391571044922e-03
1.216601610183715820e+00 1.179200410842895508e-02
1.195263624191284180e+00 3.374022245407104492e-02
1.172851562500000000e+00 3.754884004592895508e-02
1.146044969558715820e+00 3.251951932907104492e-02
1.127929687500000000e+00 4.335933923721313477e-02
1.110205054283142090e+00 3.798824548721313477e-02
1.090478539466857910e+00 4.421389102935791016e-02
1.062353610992431641e+00 4.580080509185791016e-02
1.045190453529357910e+00 5.446773767471313477e-02
1.020117282867431641e+00 5.346679687500000000e-02
9.968261718750000000e-01 5.632323026657104492e-02
9.701659679412841797e-01 5.991208553314208984e-02
9.701659679412841797e-01 5.991208553314208984e-02
9.701659679412841797e-01 5.991208553314208984e-02
9.701659679412841797e-01 5.991208553314208984e-02
9.701659679412841797e-01 5.991208553314208984e-02
7.975585460662841797e-01 2.668458223342895508e-02
8.061034679412841797e-01 4.323726892471313477e-02
7.963867187500000000e-01 3.906488418579101562e-04
7.989990711212158203e-01 -8.447259664535522461e-03
8.040527105331420898e-01 -1.030272245407104492e-02
8.058593273162841797e-01 -1.474606990814208984e-02
8.040039539337158203e-01 -1.958006620407104492e-02
8.016846179962158203e-01 -3.271484375000000000e-02
7.995849847793579102e-01 -5.021971464157104492e-02
7.954344749450683594e-01 -6.450194120407104492e-02
7.846922874450683594e-01 -7.167971134185791016e-02
7.706542015075683594e-01 -7.646483182907104492e-02
7.519775629043579102e-01 -8.183592557907104492e-02
7.410888671875000000e-01 -8.549803495407104492e-02
7.301025390625000000e-01 -8.715820312500000000e-02
7.194335460662841797e-01 -8.618164062500000000e-02
7.133545875549316406e-01 -8.935546875000000000e-02
7.098877429962158203e-01 -9.560549259185791016e-02
7.049071788787841797e-01 -9.824216365814208984e-02
7.045166492462158203e-01 -9.594726562500000000e-02
7.031981945037841797e-01 -9.433594346046447754e-02
7.000732421875000000e-01 -9.458008408546447754e-02
7.020752429962158203e-01 -9.409180283546447754e-02
7.020752429962158203e-01 -9.360352158546447754e-02
7.032959461212158203e-01 -9.719237685203552246e-02
7.049803733825683594e-01 -1.005371212959289551e-01
7.083983421325683594e-01 -1.005615293979644775e-01
7.109619379043579102e-01 -1.000488400459289551e-01
7.159667015075683594e-01 -1.021484434604644775e-01
7.216552495956420898e-01 -1.057617068290710449e-01
7.246825695037841797e-01 -1.092529296875000000e-01
7.263427972793579102e-01 -1.121826171875000000e-01
7.276854515075683594e-01 -1.145752072334289551e-01
7.312254905700683594e-01 -1.166992187500000000e-01
7.317138910293579102e-01 -1.192871034145355225e-01
7.333739995956420898e-01 -1.177245974540710449e-01
7.343018054962158203e-01 -1.199706792831420898e-01
7.380126714706420898e-01 -1.217529177665710449e-01
7.396728992462158203e-01 -1.212890744209289551e-01
7.404541969299316406e-01 -1.143066287040710449e-01
7.418701648712158203e-01 -1.117187440395355225e-01
7.429443597793579102e-01 -1.091796755790710449e-01
7.413330078125000000e-01 -1.101806759834289551e-01
7.441895008087158203e-01 -1.106201112270355225e-01
7.442138195037841797e-01 -1.102050840854644775e-01
7.450927495956420898e-01 -1.101562380790710449e-01
7.460448741912841797e-01 -1.111816465854644775e-01
7.470459938049316406e-01 -1.118652224540710449e-01
7.461913824081420898e-01 -1.147949099540710449e-01
7.472900152206420898e-01 -1.133300662040710449e-01
7.492920160293579102e-01 -1.123779416084289551e-01
7.484130859375000000e-01 -1.125244200229644775e-01
7.490478754043579102e-01 -1.138183474540710449e-01
7.495117187500000000e-01 -1.103271543979644775e-01
7.515380382537841797e-01 -1.082519590854644775e-01
7.487061023712158203e-01 -1.073242425918579102e-01
7.495605945587158203e-01 -1.112548708915710449e-01
7.483398914337158203e-01 -1.118652224540710449e-01
7.485107183456420898e-01 -1.131835877895355225e-01
7.489989995956420898e-01 -1.112060546875000000e-01
7.472412586212158203e-01 -1.122558712959289551e-01
7.479979991912841797e-01 -1.130859255790710449e-01
7.466797828674316406e-01 -1.115234494209289551e-01
7.470459938049316406e-01 -1.130615174770355225e-01
7.478516101837158203e-01 -1.134521365165710449e-01
7.477782964706420898e-01 -1.136962771415710449e-01
7.472655773162841797e-01 -1.133300662040710449e-01
7.459961175918579102e-01 -1.175537109375000000e-01
7.492432594299316406e-01 -1.217529177665710449e-01
7.553710937500000000e-01 -1.061767339706420898e-01
7.685058116912841797e-01 -9.506836533546447754e-02
7.843261957168579102e-01 -8.706054091453552246e-02
7.997070550918579102e-01 -8.474120497703552246e-02
8.126465082168579102e-01 -7.907715439796447754e-02
8.231444358825683594e-01 -7.485350966453552246e-02
8.285888433456420898e-01 -7.504883408546447754e-02
8.345215320587158203e-01 -7.653808593750000000e-02
8.390868902206420898e-01 -7.517090439796447754e-02
8.416503667831420898e-01 -7.790526747703552246e-02
8.420653343200683594e-01 -8.015137910842895508e-02
8.428955078125000000e-01 -7.912600040435791016e-02
8.421142101287841797e-01 -8.076173067092895508e-02
8.409912586212158203e-01 -8.278807997703552246e-02
8.408446311950683594e-01 -8.271485567092895508e-02
8.391357660293579102e-01 -7.980957627296447754e-02
8.376709222793579102e-01 -8.051759004592895508e-02
8.372313976287841797e-01 -8.117675781250000000e-02
8.362548351287841797e-01 -7.971191406250000000e-02
8.361084461212158203e-01 -8.295899629592895508e-02
8.359130620956420898e-01 -8.332520723342895508e-02
8.354735374450683594e-01 -8.002930879592895508e-02
8.350341320037841797e-01 -8.188477158546447754e-02
8.346191644668579102e-01 -8.315429091453552246e-02
8.315429687500000000e-01 -8.295899629592895508e-02
8.320556879043579102e-01 -8.410644531250000000e-02
8.307373523712158203e-01 -8.459472656250000000e-02
8.286377191543579102e-01 -8.591309189796447754e-02
8.279540538787841797e-01 -8.649903535842895508e-02
8.257324695587158203e-01 -8.684080839157104492e-02
8.244872093200683594e-01 -8.581542968750000000e-02
8.220459222793579102e-01 -8.649903535842895508e-02
8.226562738418579102e-01 -8.464354276657104492e-02
8.216063976287841797e-01 -8.293455839157104492e-02
8.211181163787841797e-01 -8.464354276657104492e-02
8.185546398162841797e-01 -9.228515625000000000e-02
8.187744617462158203e-01 -9.101563692092895508e-02
8.159911632537841797e-01 -9.460449218750000000e-02
8.128173351287841797e-01 -9.758299589157104492e-02
8.110595941543579102e-01 -1.020507812500000000e-01
8.079833984375000000e-01 -1.069580018520355225e-01
8.031005859375000000e-01 -1.099853515625000000e-01
7.968994379043579102e-01 -1.135497987270355225e-01
7.872803211212158203e-01 -1.134277284145355225e-01
7.771484851837158203e-01 -1.136718988418579102e-01
7.690918445587158203e-01 -1.123046875000000000e-01
7.600340843200683594e-01 -1.132324337959289551e-01
7.515869140625000000e-01 -1.152831912040710449e-01
7.421386241912841797e-01 -1.194091737270355225e-01
7.375243902206420898e-01 -1.170898377895355225e-01
7.277587652206420898e-01 -1.164795160293579102e-01
7.188965082168579102e-01 -1.158203184604644775e-01
7.105956077575683594e-01 -1.138671934604644775e-01
7.003905773162841797e-01 -1.130127012729644775e-01
6.930420398712158203e-01 -1.100830137729644775e-01
6.822998523712158203e-01 -1.070800721645355225e-01
6.717773675918579102e-01 -1.028076112270355225e-01
6.615234613418579102e-01 -1.023193299770355225e-01
6.510987281799316406e-01 -1.012206971645355225e-01
6.408447027206420898e-01 -1.023193299770355225e-01
6.297364234924316406e-01 -9.709471464157104492e-02
6.244628429412841797e-01 -9.350585937500000000e-02
6.204833984375000000e-01 -9.033203125000000000e-02
6.193358898162841797e-01 -8.457031846046447754e-02
6.187500953674316406e-01 -8.222657442092895508e-02
6.216064691543579102e-01 -8.378905057907104492e-02
6.259765625000000000e-01 -8.391112089157104492e-02
6.326415538787841797e-01 -8.149415254592895508e-02
6.373779773712158203e-01 -8.066406846046447754e-02
6.426758766174316406e-01 -7.890623807907104492e-02
6.478027105331420898e-01 -8.100587129592895508e-02
6.524902582168579102e-01 -8.461913466453552246e-02
6.582274436950683594e-01 -8.706054091453552246e-02
6.638427972793579102e-01 -8.891600370407104492e-02
6.716308593750000000e-01 -9.155273437500000000e-02
6.816895008087158203e-01 -9.545898437500000000e-02
6.971678733825683594e-01 -1.039062440395355225e-01
7.133057117462158203e-01 -1.072753965854644775e-01
7.328369617462158203e-01 -1.137939691543579102e-01
7.605712413787841797e-01 -1.291503906250000000e-01
7.904052734375000000e-01 -1.510009765625000000e-01
8.296630382537841797e-01 -1.729736328125000000e-01
8.757324218750000000e-01 -1.827392578125000000e-01
9.231688976287841797e-01 -1.908935606479644775e-01
9.600098133087158203e-01 -1.856689453125000000e-01
9.848389625549316406e-01 -1.833496093750000000e-01
1.002929687500000000e+00 -1.860351562500000000e-01
1.020019531250000000e+00 -1.910400390625000000e-01
1.033886671066284180e+00 -1.947754025459289551e-01
1.043603539466857910e+00 -1.963867247104644775e-01
1.049170017242431641e+00 -1.967773437500000000e-01
1.044360399246215820e+00 -1.963378787040710449e-01
1.036425828933715820e+00 -1.968505978584289551e-01
1.023901462554931641e+00 -1.951904296875000000e-01
1.003002882003784180e+00 -1.897460818290710449e-01
9.756102561950683594e-01 -1.850585937500000000e-01
9.455809593200683594e-01 -1.838867068290710449e-01
9.168945550918579102e-01 -1.728515625000000000e-01
8.945801258087158203e-01 -1.503906250000000000e-01
8.822753429412841797e-01 -1.287841796875000000e-01
8.707032203674316406e-01 -1.115967035293579102e-01
8.581786155700683594e-01 -9.602051973342895508e-02
8.504638671875000000e-01 -8.437502384185791016e-02
8.354735374450683594e-01 -6.801757216453552246e-02
8.212890625000000000e-01 -4.946288466453552246e-02
8.070800304412841797e-01 -3.344726562500000000e-02
7.873779535293579102e-01 -7.714837789535522461e-03
7.642333507537841797e-01 2.629393339157104492e-02
7.444090843200683594e-01 6.237792968750000000e-02
7.238280773162841797e-01 1.026855707168579102e-01
7.118897438049316406e-01 1.304687261581420898e-01
7.061524391174316406e-01 1.468750238418579102e-01
6.987060308456420898e-01 1.587402820587158203e-01
6.961426734924316406e-01 1.734863519668579102e-01
6.927490234375000000e-01 1.974608898162841797e-01
6.937987804412841797e-01 2.324951291084289551e-01
6.925537586212158203e-01 2.608886957168579102e-01
6.840575933456420898e-01 2.683593630790710449e-01
6.625487804412841797e-01 2.532226443290710449e-01
6.372559070587158203e-01 2.355468273162841797e-01
6.191406250000000000e-01 2.240722775459289551e-01
6.067383289337158203e-01 2.253906130790710449e-01
6.007324457168579102e-01 2.207519412040710449e-01
6.028563976287841797e-01 2.174804806709289551e-01
6.081298589706420898e-01 2.181640863418579102e-01
6.129150390625000000e-01 2.275878787040710449e-01
6.235594749450683594e-01 2.403320074081420898e-01
6.313965320587158203e-01 2.486327886581420898e-01
6.390380859375000000e-01 2.467773556709289551e-01
6.477295160293579102e-01 2.455565929412841797e-01
6.555418968200683594e-01 2.557617425918579102e-01
6.672363281250000000e-01 2.719726562500000000e-01
6.748046875000000000e-01 2.850586175918579102e-01
6.763427257537841797e-01 2.902343869209289551e-01
6.770508289337158203e-01 3.017578125000000000e-01
6.755126714706420898e-01 3.084961175918579102e-01
6.741943359375000000e-01 3.166992068290710449e-01
6.717773675918579102e-01 3.212890625000000000e-01
6.732177734375000000e-01 3.354492187500000000e-01
6.790039539337158203e-01 3.476562500000000000e-01
6.843993663787841797e-01 3.582031130790710449e-01
6.854736804962158203e-01 3.634765744209289551e-01
6.851074695587158203e-01 3.634765744209289551e-01
6.879150867462158203e-01 3.620605468750000000e-01
6.945068836212158203e-01 3.611328005790710449e-01
7.012696266174316406e-01 3.576660156250000000e-01
7.064208984375000000e-01 3.604003787040710449e-01
7.117675542831420898e-01 3.611328005790710449e-01
7.156493663787841797e-01 3.684570193290710449e-01
7.197997570037841797e-01 3.677002191543579102e-01
7.212158441543579102e-01 3.655273318290710449e-01
7.226319313049316406e-01 3.625000119209289551e-01
7.260010242462158203e-01 3.605468869209289551e-01
7.291504144668579102e-01 3.619140386581420898e-01
7.313232421875000000e-01 3.627929687500000000e-01
7.313232421875000000e-01 3.669433593750000000e-01
7.320799827575683594e-01 3.693359494209289551e-01
7.298583984375000000e-01 3.698730468750000000e-01
7.231934070587158203e-01 3.675781488418579102e-01
7.105468511581420898e-01 3.643554449081420898e-01
6.867675781250000000e-01 3.617187738418579102e-01
6.597411632537841797e-01 3.567382693290710449e-01
6.379638910293579102e-01 3.560546636581420898e-01
6.199951171875000000e-01 3.464355468750000000e-01
6.054444313049316406e-01 3.372070193290710449e-01
5.854003429412841797e-01 3.288086056709289551e-01
5.778808593750000000e-01 3.280761241912841797e-01
5.784912109375000000e-01 3.259766101837158203e-01
5.757080316543579102e-01 3.317871093750000000e-01
5.802490711212158203e-01 3.315429687500000000e-01
5.757812261581420898e-01 3.330078125000000000e-01
5.762696266174316406e-01 3.332031369209289551e-01
5.753905773162841797e-01 3.311523199081420898e-01
5.737793445587158203e-01 3.273681402206420898e-01
5.697753429412841797e-01 3.278808593750000000e-01
5.705566406250000000e-01 3.267334103584289551e-01
5.685790777206420898e-01 3.234375119209289551e-01
5.715332031250000000e-01 3.238037228584289551e-01
5.696289539337158203e-01 3.227050900459289551e-01
5.742676258087158203e-01 3.217773437500000000e-01
5.877685546875000000e-01 3.215820193290710449e-01
6.022217273712158203e-01 3.229736089706420898e-01
6.168701648712158203e-01 3.226318359375000000e-01
6.251709461212158203e-01 3.223876953125000000e-01
6.318848133087158203e-01 3.216064572334289551e-01
6.363036632537841797e-01 3.206787109375000000e-01
6.434570550918579102e-01 3.232666254043579102e-01
6.538085937500000000e-01 3.231933712959289551e-01
6.654052734375000000e-01 3.188964724540710449e-01
6.789550781250000000e-01 3.214355707168579102e-01
6.901366710662841797e-01 3.189941644668579102e-01
7.025146484375000000e-01 3.116943836212158203e-01
7.123534679412841797e-01 3.123047351837158203e-01
7.198486328125000000e-01 3.122558593750000000e-01
7.230956554412841797e-01 3.109375238418579102e-01
7.239990234375000000e-01 3.143554925918579102e-01
7.247803211212158203e-01 3.213866949081420898e-01
7.236572504043579102e-01 3.171386718750000000e-01
7.226318120956420898e-01 3.136718869209289551e-01
7.256348133087158203e-01 3.122558593750000000e-01
7.302734851837158203e-01 3.123046755790710449e-01
7.379150390625000000e-01 3.088867068290710449e-01
7.466552257537841797e-01 3.097412586212158203e-01
7.497315406799316406e-01 3.097656369209289551e-01
7.515624761581420898e-01 3.045409917831420898e-01
7.550537586212158203e-01 3.052734136581420898e-01
7.591795921325683594e-01 3.033202886581420898e-01
7.616211175918579102e-01 3.004882931709289551e-01
7.613281011581420898e-01 2.997558712959289551e-01
7.612793445587158203e-01 3.004394769668579102e-01
7.591063976287841797e-01 3.016601800918579102e-01
7.604004144668579102e-01 2.996093630790710449e-01
7.591552734375000000e-01 2.998046875000000000e-01
7.575926780700683594e-01 2.987793087959289551e-01
7.571777105331420898e-01 2.956298589706420898e-01
7.588379383087158203e-01 2.963867187500000000e-01
7.583739757537841797e-01 2.937011718750000000e-01
7.534668445587158203e-01 2.936523556709289551e-01
7.528320550918579102e-01 2.919921875000000000e-01
7.521729469299316406e-01 2.917480468750000000e-01
7.513672113418579102e-01 2.905273437500000000e-01
7.540283203125000000e-01 2.891845703125000000e-01
7.521729469299316406e-01 2.916504144668579102e-01
7.537353038787841797e-01 2.931152582168579102e-01
7.512938976287841797e-01 2.926513552665710449e-01
7.515380382537841797e-01 2.929199337959289551e-01
7.495117187500000000e-01 2.939453125000000000e-01
7.510741949081420898e-01 2.926025390625000000e-01
7.515624761581420898e-01 2.932128906250000000e-01
7.494628429412841797e-01 2.930908203125000000e-01
7.477295398712158203e-01 2.950439453125000000e-01
7.491698265075683594e-01 2.971680164337158203e-01
7.527344226837158203e-01 2.988525629043579102e-01
7.576415538787841797e-01 3.044433593750000000e-01
7.533447742462158203e-01 3.059570789337158203e-01
7.504150867462158203e-01 3.051757812500000000e-01
7.526123523712158203e-01 3.073242306709289551e-01
7.525877952575683594e-01 3.036133050918579102e-01
7.495605945587158203e-01 3.057616949081420898e-01
7.479248046875000000e-01 3.062499761581420898e-01
7.490234375000000000e-01 3.059570789337158203e-01
7.456054687500000000e-01 3.093261718750000000e-01
7.457032203674316406e-01 3.099853396415710449e-01
7.452149391174316406e-01 3.157470822334289551e-01
7.405761480331420898e-01 3.166503906250000000e-01
7.446289062500000000e-01 3.207275271415710449e-01
7.439453601837158203e-01 3.205566406250000000e-01
7.413818836212158203e-01 3.201415538787841797e-01
7.401366233825683594e-01 3.222656250000000000e-01
7.394530773162841797e-01 3.220703005790710449e-01
7.421386241912841797e-01 3.221435546875000000e-01
7.453368902206420898e-01 3.238037228584289551e-01
7.462158203125000000e-01 3.243652582168579102e-01
7.454833984375000000e-01 3.229980468750000000e-01
7.497069835662841797e-01 3.215820789337158203e-01
7.495360374450683594e-01 3.249511718750000000e-01
7.476074695587158203e-01 3.241699337959289551e-01
7.489258050918579102e-01 3.249511718750000000e-01
7.517334222793579102e-01 3.185546994209289551e-01
7.482910156250000000e-01 3.218749761581420898e-01
7.485840320587158203e-01 3.249511718750000000e-01
7.490478754043579102e-01 3.185546994209289551e-01
7.508301734924316406e-01 3.220703005790710449e-01
7.502930164337158203e-01 3.195312619209289551e-01
7.441895008087158203e-01 3.204101324081420898e-01
7.488770484924316406e-01 3.126952648162841797e-01
7.464599609375000000e-01 3.246337771415710449e-01
7.495849132537841797e-01 3.256835937500000000e-01
7.495117187500000000e-01 3.199218511581420898e-01
7.467529773712158203e-01 3.273925781250000000e-01
7.442382574081420898e-01 3.261230587959289551e-01
7.456054687500000000e-01 3.248779177665710449e-01
7.474853992462158203e-01 3.287109136581420898e-01
7.429199218750000000e-01 3.318847417831420898e-01
7.415282726287841797e-01 3.323242068290710449e-01
7.411131858825683594e-01 3.273681402206420898e-01
7.399902343750000000e-01 3.274658322334289551e-01
7.402343750000000000e-01 3.253905773162841797e-01
7.418944835662841797e-01 3.280273675918579102e-01
7.436767816543579102e-01 3.279296755790710449e-01
7.446289062500000000e-01 3.278076052665710449e-01
7.449706792831420898e-01 3.269042968750000000e-01
7.440429925918579102e-01 3.250488042831420898e-01
7.428954839706420898e-01 3.258789181709289551e-01
7.450927495956420898e-01 3.258789181709289551e-01
7.444579601287841797e-01 3.263671994209289551e-01
7.434813976287841797e-01 3.253906369209289551e-01
7.463867664337158203e-01 3.251464962959289551e-01
7.429443597793579102e-01 3.253662586212158203e-01
7.389892339706420898e-01 3.243896365165710449e-01
7.405273914337158203e-01 3.243163824081420898e-01
7.415771484375000000e-01 3.243896365165710449e-01
7.393066883087158203e-01 3.272460699081420898e-01
7.392821311950683594e-01 3.249023556709289551e-01
7.395751476287841797e-01 3.266601562500000000e-01
7.383788824081420898e-01 3.279297351837158203e-01
7.425781488418579102e-01 3.283202648162841797e-01
7.430419921875000000e-01 3.303710818290710449e-01
7.401123046875000000e-01 3.295410275459289551e-01
7.393066883087158203e-01 3.292968869209289551e-01
7.374024391174316406e-01 3.289062976837158203e-01
7.376464605331420898e-01 3.313720226287841797e-01
7.372802495956420898e-01 3.312500119209289551e-01
7.337157726287841797e-01 3.311523199081420898e-01
7.354247570037841797e-01 3.288086056709289551e-01
7.358154058456420898e-01 3.278320431709289551e-01
7.346191406250000000e-01 3.322753906250000000e-01
7.339599132537841797e-01 3.297851085662841797e-01
7.322266101837158203e-01 3.306640386581420898e-01
7.343018054962158203e-01 3.317139148712158203e-01
7.341064214706420898e-01 3.298828005790710449e-01
7.349609136581420898e-01 3.309570550918579102e-01
7.334960699081420898e-01 3.308594226837158203e-01
7.339599132537841797e-01 3.279296755790710449e-01
7.345702648162841797e-01 3.298095464706420898e-01
7.352294921875000000e-01 3.316162228584289551e-01
7.328612804412841797e-01 3.353515863418579102e-01
7.224853038787841797e-01 3.365722894668579102e-01
7.137939929962158203e-01 3.303954601287841797e-01
6.974608898162841797e-01 3.260742425918579102e-01
6.835448741912841797e-01 3.283935785293579102e-01
6.719481945037841797e-01 3.323974609375000000e-01
6.704344749450683594e-01 3.402832150459289551e-01
6.724364757537841797e-01 3.477294445037841797e-01
6.780761480331420898e-01 3.495849370956420898e-01
6.799073219299316406e-01 3.520019650459289551e-01
6.838135719299316406e-01 3.509765863418579102e-01
6.838134527206420898e-01 3.509765863418579102e-01
6.844482421875000000e-01 3.509765863418579102e-01
6.820312738418579102e-01 3.504883050918579102e-01
6.797119379043579102e-01 3.491942882537841797e-01
6.802734136581420898e-01 3.470703363418579102e-01
6.786133050918579102e-01 3.483397960662841797e-01
6.756591796875000000e-01 3.484374880790710449e-01
6.772705316543579102e-01 3.494628667831420898e-01
6.764160394668579102e-01 3.517578244209289551e-01
6.751953363418579102e-01 3.500488400459289551e-01
6.756103038787841797e-01 3.508300781250000000e-01
6.742919683456420898e-01 3.518066406250000000e-01
6.743652820587158203e-01 3.510254025459289551e-01
6.755371093750000000e-01 3.517577648162841797e-01
6.765379905700683594e-01 3.541992306709289551e-01
6.742919683456420898e-01 3.527099490165710449e-01
6.737792491912841797e-01 3.488769531250000000e-01
6.746337413787841797e-01 3.493164181709289551e-01
6.747069358825683594e-01 3.425292968750000000e-01
6.777343750000000000e-01 3.367675542831420898e-01
6.770263910293579102e-01 3.351318240165710449e-01
6.768066883087158203e-01 3.297851681709289551e-01
6.769287586212158203e-01 3.314453363418579102e-01
6.762938499450683594e-01 3.405273556709289551e-01
6.767089366912841797e-01 3.473632335662841797e-01
6.789062023162841797e-01 3.514648675918579102e-01
6.799316406250000000e-01 3.579834103584289551e-01
6.772460937500000000e-01 3.571289181709289551e-01
6.753418445587158203e-01 3.571289181709289551e-01
6.738036870956420898e-01 3.552246093750000000e-01
6.735351085662841797e-01 3.536132574081420898e-01
6.687011718750000000e-01 3.518554568290710449e-01
6.671874523162841797e-01 3.527343869209289551e-01
6.617431640625000000e-01 3.522704839706420898e-01
6.591796875000000000e-01 3.515625000000000000e-01
6.578613519668579102e-01 3.522460460662841797e-01
6.574951410293579102e-01 3.526123166084289551e-01
6.550292968750000000e-01 3.536132574081420898e-01
6.540038585662841797e-01 3.545898199081420898e-01
6.521484851837158203e-01 3.572265505790710449e-01
6.532714366912841797e-01 3.584960699081420898e-01
6.481444835662841797e-01 3.584960699081420898e-01
6.351318359375000000e-01 3.601806759834289551e-01
6.056884527206420898e-01 3.607422113418579102e-01
5.776855945587158203e-01 3.511230349540710449e-01
5.519776344299316406e-01 3.467773199081420898e-01
5.330567359924316406e-01 3.428222537040710449e-01
5.287842750549316406e-01 3.421875238418579102e-01
5.263916254043579102e-01 3.440185785293579102e-01
5.253661870956420898e-01 3.447265625000000000e-01
5.227295160293579102e-01 3.468017578125000000e-01
5.248534679412841797e-01 3.453124761581420898e-01
5.259765386581420898e-01 3.447265625000000000e-01
5.265381336212158203e-01 3.458007574081420898e-01
5.288329124450683594e-01 3.445312380790710449e-01
5.355713367462158203e-01 3.414062261581420898e-01
5.453369617462158203e-01 3.366211056709289551e-01
5.583007335662841797e-01 3.292968273162841797e-01
5.627198219299316406e-01 3.279297351837158203e-01
5.684571266174316406e-01 3.316406011581420898e-01
5.801513195037841797e-01 3.356689214706420898e-01
6.055908203125000000e-01 3.424804806709289551e-01
6.349608898162841797e-01 3.499023318290710449e-01
6.664794683456420898e-01 3.483397960662841797e-01
6.837158203125000000e-01 3.466796875000000000e-01
6.963622570037841797e-01 3.445312380790710449e-01
6.960692405700683594e-01 3.390380740165710449e-01
6.957764625549316406e-01 3.424804806709289551e-01
6.933836936950683594e-01 3.423827886581420898e-01
6.882081031799316406e-01 3.443359136581420898e-01
6.863281726837158203e-01 3.346679806709289551e-01
6.844725608825683594e-01 3.317871093750000000e-01
6.834716796875000000e-01 3.332031369209289551e-01
6.812499761581420898e-01 3.317382335662841797e-01
6.803710460662841797e-01 3.307617306709289551e-01
6.778320074081420898e-01 3.302733898162841797e-01
6.742920875549316406e-01 3.316406011581420898e-01
6.742675304412841797e-01 3.397461175918579102e-01
6.802489757537841797e-01 3.392578363418579102e-01
6.881346702575683594e-01 3.286132812500000000e-01
6.907470226287841797e-01 3.276367187500000000e-01
6.962158679962158203e-01 3.242187500000000000e-01
7.003417015075683594e-01 3.173828125000000000e-01
7.012939453125000000e-01 3.151366710662841797e-01
7.007079124450683594e-01 3.096679449081420898e-01
7.031250000000000000e-01 3.032226562500000000e-01
7.003905773162841797e-01 3.029296398162841797e-01
6.989257335662841797e-01 3.012695312500000000e-01
6.998779773712158203e-01 3.004882931709289551e-01
6.978027820587158203e-01 2.956054806709289551e-01
6.978027820587158203e-01 2.896484136581420898e-01
6.977782249450683594e-01 2.829589843750000000e-01
6.963135004043579102e-01 2.793456912040710449e-01
6.926512718200683594e-01 2.764403820037841797e-01
6.911864280700683594e-01 2.697265744209289551e-01
6.907958984375000000e-01 2.628173828125000000e-01
6.920410394668579102e-01 2.623291015625000000e-01
6.897948980331420898e-01 2.572021484375000000e-01
6.863769292831420898e-01 2.528564333915710449e-01
6.860107183456420898e-01 2.540283203125000000e-01
6.882812976837158203e-01 2.569335699081420898e-01
6.869385242462158203e-01 2.576171755790710449e-01
6.880859136581420898e-01 2.544677853584289551e-01
6.873047351837158203e-01 2.558593750000000000e-01
6.887695789337158203e-01 2.552245855331420898e-01
6.860840320587158203e-01 2.555420398712158203e-01
6.855713129043579102e-01 2.565673589706420898e-01
6.863524913787841797e-01 2.571533322334289551e-01
6.873534917831420898e-01 2.583252191543579102e-01
6.860595941543579102e-01 2.606933712959289551e-01
6.853027343750000000e-01 2.612060308456420898e-01
6.842772960662841797e-01 2.622558474540710449e-01
6.809813976287841797e-01 2.648925781250000000e-01
6.701415777206420898e-01 2.733642458915710449e-01
6.437988281250000000e-01 2.730224728584289551e-01
6.207764148712158203e-01 2.760986089706420898e-01
6.011230945587158203e-01 2.789306640625000000e-01
5.885498523712158203e-01 2.833007574081420898e-01
5.825439691543579102e-01 2.924804687500000000e-01
5.765380859375000000e-01 2.898437380790710449e-01
5.758056640625000000e-01 2.891845703125000000e-01
5.713866949081420898e-01 2.904052734375000000e-01
5.687744617462158203e-01 2.940429449081420898e-01
5.631592273712158203e-01 2.940185666084289551e-01
5.590088367462158203e-01 2.973632812500000000e-01
5.561523437500000000e-01 3.001708984375000000e-01
5.521483421325683594e-01 3.018798828125000000e-01
5.474121570587158203e-01 3.040527105331420898e-01
5.354247093200683594e-01 3.114258050918579102e-01
5.146484375000000000e-01 3.230468630790710449e-01
4.946289062500000000e-01 3.194580078125000000e-01
4.832519292831420898e-01 3.370361328125000000e-01
4.721190929412841797e-01 3.468749523162841797e-01
4.599120616912841797e-01 3.554198741912841797e-01
4.575195312500000000e-01 3.542236089706420898e-01
4.491699337959289551e-01 3.657226562500000000e-01
4.457031488418579102e-01 3.604491949081420898e-01
4.477539062500000000e-01 3.645995855331420898e-01
4.400879144668579102e-01 3.570312261581420898e-01
4.411376714706420898e-01 3.614990115165710449e-01
4.456054568290710449e-01 3.650146722793579102e-01
4.590820074081420898e-01 3.271484375000000000e-01
4.838622808456420898e-01 3.438476324081420898e-01
5.165526866912841797e-01 3.444579839706420898e-01
5.569092035293579102e-01 3.456054925918579102e-01
5.834228992462158203e-01 3.414306640625000000e-01
6.093750000000000000e-01 3.494140505790710449e-01
6.205322742462158203e-01 3.571777343750000000e-01
6.258544921875000000e-01 3.635009527206420898e-01
6.310546398162841797e-01 3.711426258087158203e-01
6.327393054962158203e-01 3.827880620956420898e-01
6.335206031799316406e-01 3.814452886581420898e-01
6.323242187500000000e-01 3.831055164337158203e-01
6.324219703674316406e-01 3.803466558456420898e-01
6.341552734375000000e-01 3.773681521415710449e-01
6.288573741912841797e-01 3.712646365165710449e-01
6.302245855331420898e-01 3.684814572334289551e-01
6.305663585662841797e-01 3.670166134834289551e-01
6.301026344299316406e-01 3.696533441543579102e-01
6.333007812500000000e-01 3.723632693290710449e-01
6.369872093200683594e-01 3.691650629043579102e-01
6.436278820037841797e-01 3.674804568290710449e-01
6.469969749450683594e-01 3.683593869209289551e-01
6.577148437500000000e-01 3.668945431709289551e-01
6.683838367462158203e-01 3.622070550918579102e-01
6.808105707168579102e-01 3.588867187500000000e-01
6.964111328125000000e-01 3.493407964706420898e-01
7.092041969299316406e-01 3.436767458915710449e-01
7.206299304962158203e-01 3.359375000000000000e-01
7.319335937500000000e-01 3.294677734375000000e-01
7.388427257537841797e-01 3.302001953125000000e-01
7.435791492462158203e-01 3.311278820037841797e-01
7.589600086212158203e-01 3.337157964706420898e-01
7.733398675918579102e-01 3.402343988418579102e-01
7.939941883087158203e-01 3.423827886581420898e-01
8.093993663787841797e-01 3.347656726837158203e-01
8.245849609375000000e-01 3.180664181709289551e-01
8.397216796875000000e-01 2.990722656250000000e-01
8.484375476837158203e-01 2.805175781250000000e-01
8.633544445037841797e-01 2.701660394668579102e-01
8.711915016174316406e-01 2.479248046875000000e-01
8.756835460662841797e-01 2.173827886581420898e-01
8.756835460662841797e-01 2.173827886581420898e-01
8.658936023712158203e-01 1.379882693290710449e-01
8.638427257537841797e-01 1.143066287040710449e-01
8.647705316543579102e-01 1.162597537040710449e-01
8.638671636581420898e-01 1.166992187500000000e-01
8.600831031799316406e-01 1.170898675918579102e-01
8.493407964706420898e-01 1.092284917831420898e-01
8.448729515075683594e-01 9.714353084564208984e-02
8.375732898712158203e-01 8.320313692092895508e-02
8.274902105331420898e-01 7.397460937500000000e-02
8.201904296875000000e-01 6.840819120407104492e-02
8.176025152206420898e-01 6.567382812500000000e-02
8.152344226837158203e-01 7.294923067092895508e-02
8.140869140625000000e-01 6.679689884185791016e-02
8.181396722793579102e-01 7.324218750000000000e-02
8.177978992462158203e-01 7.045900821685791016e-02
8.251464366912841797e-01 8.601075410842895508e-02
8.330078125000000000e-01 1.195312738418579102e-01
8.264892101287841797e-01 1.125976443290710449e-01
8.247559070587158203e-01 1.149657964706420898e-01
8.249022960662841797e-01 1.134277582168579102e-01
8.251953125000000000e-01 1.162597537040710449e-01
8.228027820587158203e-01 1.129394769668579102e-01
8.243408203125000000e-01 1.149169802665710449e-01
8.248535394668579102e-01 9.929198026657104492e-02
8.331298828125000000e-01 1.075439453125000000e-01
8.348144292831420898e-01 1.419433355331420898e-01
8.402099609375000000e-01 1.482421755790710449e-01
8.520752191543579102e-01 1.510497927665710449e-01
7.277343273162841797e-01 3.261721134185791016e-02
8.681640625000000000e-01 1.764160394668579102e-01
8.764892816543579102e-01 1.487304568290710449e-01
8.965332508087158203e-01 1.656738519668579102e-01
9.043700695037841797e-01 1.285644769668579102e-01
9.285399913787841797e-01 1.087402105331420898e-01
9.482665061950683594e-01 9.692382812500000000e-02
9.817383289337158203e-01 8.471679687500000000e-02
1.019897460937500000e+00 6.616210937500000000e-02
1.056884765625000000e+00 5.273461341857910156e-03
1.086328148841857910e+00 -1.855468750000000000e-02
1.110986351966857910e+00 -4.404294490814208984e-02
1.132617235183715820e+00 -6.735837459564208984e-02
1.151391506195068359e+00 -9.313964843750000000e-02
1.164965867996215820e+00 -1.302978396415710449e-01
1.180957078933715820e+00 -1.702148318290710449e-01
1.202392578125000000e+00 -2.017334103584289551e-01
1.232079982757568359e+00 -2.212646603584289551e-01
1.265600681304931641e+00 -2.273681759834289551e-01
1.305590867996215820e+00 -2.249755859375000000e-01
1.345385789871215820e+00 -2.162597775459289551e-01
1.380712866783142090e+00 -1.979492306709289551e-01
1.411157131195068359e+00 -1.856933534145355225e-01
1.432983398437500000e+00 -1.785644590854644775e-01
1.448950171470642090e+00 -1.804199218750000000e-01
1.458715915679931641e+00 -1.848632693290710449e-01
1.461401462554931641e+00 -1.842773556709289551e-01
1.465332031250000000e+00 -1.766113340854644775e-01
1.468432664871215820e+00 -1.612304747104644775e-01
1.468066453933715820e+00 -1.477294862270355225e-01
1.465429782867431641e+00 -1.449707150459289551e-01
1.459985256195068359e+00 -1.465820372104644775e-01
1.458032131195068359e+00 -1.505859494209289551e-01
1.458593726158142090e+00 -1.502441167831420898e-01
1.459106445312500000e+00 -1.445556581020355225e-01
1.463647484779357910e+00 -1.414306759834289551e-01
1.465112328529357910e+00 -1.432617306709289551e-01
1.467773437500000000e+00 -1.500976681709289551e-01
1.474218845367431641e+00 -1.581543087959289551e-01
1.476831078529357910e+00 -1.593994200229644775e-01
1.478247046470642090e+00 -1.606933474540710449e-01
1.479174852371215820e+00 -1.572509706020355225e-01
1.480517625808715820e+00 -1.507324278354644775e-01
1.482372999191284180e+00 -1.487304568290710449e-01
1.485156297683715820e+00 -1.470459103584289551e-01
1.486792087554931641e+00 -1.527099609375000000e-01
1.486523389816284180e+00 -1.652343869209289551e-01
1.487890720367431641e+00 -1.784912049770355225e-01
1.494824171066284180e+00 -1.849121153354644775e-01
1.506909370422363281e+00 -1.796630918979644775e-01
1.512182712554931641e+00 -1.736328005790710449e-01
1.519653320312500000e+00 -1.739257872104644775e-01
1.519506931304931641e+00 -1.772460937500000000e-01
1.508520603179931641e+00 -1.911132931709289551e-01
1.499438405036926270e+00 -2.017089724540710449e-01
1.492626905441284180e+00 -2.158935666084289551e-01
1.487499952316284180e+00 -2.312988340854644775e-01
1.484497070312500000e+00 -2.492431700229644775e-01
1.484350681304931641e+00 -2.596679627895355225e-01
1.490356445312500000e+00 -2.647216916084289551e-01
1.498950242996215820e+00 -2.727538943290710449e-01
1.503979444503784180e+00 -2.827148437500000000e-01
1.506567478179931641e+00 -2.781982421875000000e-01
1.511889457702636719e+00 -2.669433653354644775e-01
1.507251024246215820e+00 -2.448486387729644775e-01
1.502709865570068359e+00 -2.342773377895355225e-01
1.498242139816284180e+00 -2.222656309604644775e-01
1.486962795257568359e+00 -2.102294862270355225e-01
1.474316358566284180e+00 -1.995849609375000000e-01
1.462622165679931641e+00 -1.887939572334289551e-01
1.456762790679931641e+00 -1.700927615165710449e-01
1.448950290679931641e+00 -1.511718630790710449e-01
1.438891649246215820e+00 -1.291992068290710449e-01
1.424414038658142090e+00 -1.110351681709289551e-01
1.406543016433715820e+00 -8.994141221046447754e-02
1.383520603179931641e+00 -7.016599178314208984e-02
1.365747094154357910e+00 -5.727538466453552246e-02
1.329272508621215820e+00 -1.503905653953552246e-02
1.293115258216857910e+00 1.093751192092895508e-02
1.261401414871215820e+00 3.339844942092895508e-02
1.236816406250000000e+00 4.851073026657104492e-02
1.205883741378784180e+00 5.666506290435791016e-02
1.178393602371215820e+00 6.108397245407104492e-02
1.158032178878784180e+00 5.793458223342895508e-02
1.143115282058715820e+00 5.788576602935791016e-02
1.128051757812500000e+00 5.700683593750000000e-02
1.114624023437500000e+00 5.004882812500000000e-02
1.104101657867431641e+00 3.779298067092895508e-02
1.093920946121215820e+00 2.722167968750000000e-02
1.088989257812500000e+00 1.582032442092895508e-02
1.083300828933715820e+00 6.005883216857910156e-03
1.077685594558715820e+00 -1.162111759185791016e-02
1.072192430496215820e+00 -2.961426973342895508e-02
1.065161228179931641e+00 -4.125976562500000000e-02
1.057959079742431641e+00 -4.975587129592895508e-02
1.049975633621215820e+00 -5.395507812500000000e-02
1.041967868804931641e+00 -5.527341365814208984e-02
1.032934546470642090e+00 -6.030273437500000000e-02
1.022876024246215820e+00 -6.450194120407104492e-02
1.010864257812500000e+00 -6.977540254592895508e-02
9.990478754043579102e-01 -7.934570312500000000e-02
9.811767339706420898e-01 -8.662110567092895508e-02
9.696533679962158203e-01 -9.099119901657104492e-02
9.583740234375000000e-01 -9.030759334564208984e-02
9.507567882537841797e-01 -9.272462129592895508e-02
9.440429210662841797e-01 -9.187012910842895508e-02
9.384521245956420898e-01 -9.187012910842895508e-02
9.382568597793579102e-01 -9.223634004592895508e-02
9.355224370956420898e-01 -9.055176377296447754e-02
9.327392578125000000e-01 -9.069824218750000000e-02
9.283690452575683594e-01 -9.008789062500000000e-02
9.262695312500000000e-01 -8.996582031250000000e-02
9.244140386581420898e-01 -8.649903535842895508e-02
9.215331077575683594e-01 -8.476561307907104492e-02
9.193115234375000000e-01 -8.161622285842895508e-02
9.156738519668579102e-01 -7.814940810203552246e-02
9.111328125000000000e-01 -7.426756620407104492e-02
9.062988758087158203e-01 -7.211914658546447754e-02
9.041016101837158203e-01 -6.845703721046447754e-02
9.029541015625000000e-01 -6.516113877296447754e-02
9.024413824081420898e-01 -6.340330839157104492e-02
9.073975086212158203e-01 -5.998533964157104492e-02
9.173583984375000000e-01 -6.108397245407104492e-02
9.262206554412841797e-01 -6.552734971046447754e-02
9.442627429962158203e-01 -6.384277343750000000e-02
9.606201648712158203e-01 -6.354981660842895508e-02
9.794678688049316406e-01 -5.622559785842895508e-02
9.931640625000000000e-01 -6.027829647064208984e-02
1.012158155441284180e+00 -4.826658964157104492e-02
1.031030178070068359e+00 -4.658204317092895508e-02
1.038964867591857910e+00 -4.191893339157104492e-02
1.050537109375000000e+00 -3.698730468750000000e-02
1.057617187500000000e+00 -3.286132216453552246e-02
1.064331054687500000e+00 -2.451169490814208984e-02
1.068579077720642090e+00 -1.865231990814208984e-02
1.067480564117431641e+00 -1.765137910842895508e-02
1.064257860183715820e+00 -1.430663466453552246e-02
1.064062595367431641e+00 -1.376953721046447754e-02
1.060522556304931641e+00 -1.611328125000000000e-02
1.056933641433715820e+00 -1.787108182907104492e-02
1.051489233970642090e+00 -1.679688692092895508e-02
1.046850562095642090e+00 -1.752930879592895508e-02
1.037451267242431641e+00 -1.757812500000000000e-02
1.028198242187500000e+00 -2.041015028953552246e-02
