7.974364757537841797e-01
7.713866233825683594e-01
8.053467273712158203e-01
7.939453125000000000e-01
8.193359375000000000e-01
8.583984375000000000e-01
1.318676710128784180e+00
1.545971870422363281e+00
1.687500000000000000e+00
1.286962866783142090e+00
1.286962866783142090e+00
7.706542015075683594e-01
7.109619379043579102e-01
7.413330078125000000e-01
7.483398914337158203e-01
7.997070550918579102e-01
8.362548351287841797e-01
8.216063976287841797e-01
7.421386241912841797e-01
6.193358898162841797e-01
7.328369617462158203e-01
1.023901462554931641e+00
7.444090843200683594e-01
6.028563976287841797e-01
6.732177734375000000e-01
7.313232421875000000e-01
5.802490711212158203e-01
6.318848133087158203e-01
7.256348133087158203e-01
7.571777105331420898e-01
7.494628429412841797e-01
7.405761480331420898e-01
7.482910156250000000e-01
7.415282726287841797e-01
7.389892339706420898e-01
7.354247570037841797e-01
6.974608898162841797e-01
6.764160394668579102e-01
6.762938499450683594e-01
6.540038585662841797e-01
5.265381336212158203e-01
6.933836936950683594e-01
7.012939453125000000e-01
6.863769292831420898e-01
6.701415777206420898e-01
5.354247093200683594e-01
5.165526866912841797e-01
6.301026344299316406e-01
7.939941883087158203e-01
8.448729515075683594e-01
8.228027820587158203e-01
1.019897460937500000e+00
1.432983398437500000e+00
1.474218845367431641e+00
1.508520603179931641e+00
1.474316358566284180e+00
1.158032178878784180e+00
1.022876024246215820e+00
9.215331077575683594e-01
1.012158155441284180e+00
