-9.417216390008553262e+00 -1.001105074274141771e+01 -1.799331120331331704e+02
-7.151561907867657553e+00 1.468610113588320276e+00 -1.785398795164808803e+02
-3.973623316824460261e+01 -6.744115103464810801e+00 -1.783018339122651810e+02
-4.420654052516166388e+00 2.669979572904964016e+00 -1.788072445035843145e+02
2.892044341171000177e+00 -2.324123692494751980e-01 -1.785999353937901333e+02
-2.908131992537443722e+01 -1.945953536701965092e+01 -1.793530005759969299e+02
-2.304402004456182151e+00 2.592695855604715938e+00 -1.794932341909945421e+02
-7.153281981684846080e+00 -2.094911629513874729e+01 1.787069482437306931e+02
-9.574560997844271171e+00 -3.127548521999209186e+00 -1.787456405281147909e+02
-1.313373017870520343e+01 -1.480795284927243438e+00 -1.791168221900692004e+02
-1.023141184439509210e+01 3.234445151987182410e+00 -1.797994301575692191e+02
-2.858555160780015925e+01 2.554483908659325841e+00 -1.795301023990832903e+02
-6.651396697871517105e+00 1.022255331197841777e+01 -1.782103544680144296e+02
-2.246308310126237373e+01 -5.271627479149429085e+00 -1.794808540737471958e+02
-6.009332604535581268e+00 9.929491618261212516e-01 -1.786532232216358977e+02
-2.389790672710049080e+01 -5.228456592289179916e+00 -1.791901167299627957e+02
-3.301477862605076297e+01 -1.886645731731720588e+01 -1.788696116112194829e+02
-1.738750435507424541e+01 3.904609796103576169e+00 -1.796264675145765182e+02
-2.542273313563832460e+00 2.269274618472325145e+00 -1.793022523495864107e+02
-8.996238537984377004e+00 6.247140727704536545e+00 -1.785368386850269076e+02
-3.510598482816502042e+01 -1.851638769561705189e+01 -1.797309807771530359e+02
-1.300696866029542420e+01 -4.500806217157657940e-01 -1.787792690810915701e+02
-2.025339576265499986e+01 -5.476923057590458832e+00 1.797461478154858696e+02
2.768008311969121671e+00 3.593613107623925718e+00 -1.783641931262245066e+02
-1.896881598257428436e+01 -4.336525256395863615e+00 -1.788907582923198447e+02
-9.045538992485822050e+00 -2.185498070732452280e+00 -1.786411007830140818e+02
-3.359551598625564139e+01 -2.143130516457978629e+01 -1.774019825973838635e+02
-2.945225526174699482e+01 -1.735830871481126181e+01 -1.791599979563068530e+02
-1.799986489180178850e+01 6.441433380740294368e+00 -1.776800210919890617e+02
-7.765760961959550457e+00 -1.703434350929141639e+00 -1.786202268128166963e+02
-8.750658880478889401e+00 7.280561433222489498e+00 -1.788691399376884021e+02
-1.864264700657426888e+00 3.350742673836330621e+00 -1.791043454226598612e+02
-6.669310718159803919e+00 8.907399185707834732e+00 -1.793070088637866206e+02
-1.093462922695370310e+01 6.321416764365645591e+00 -1.796816159206462089e+02
-3.633043548816673685e+00 4.669893043795179111e+00 1.797121356993241363e+02
-9.829837539978589334e+00 2.471546895308504688e+00 1.798734216625480542e+02
-7.828002176368338283e+00 1.364664076645123458e+01 -1.769980080206408672e+02
-7.763991036887253117e+00 6.806021288152034110e+00 -1.788340476226099440e+02
-2.587471116158288709e+01 -1.699002004395093834e+01 -1.793442746272701527e+02
-1.209278232769340988e+01 6.913749300293767774e+00 -1.792233214027562553e+02
-5.800339920642577418e+00 2.342221324658053661e+00 1.796070625278432829e+02
-1.262938980296009461e+01 8.474648698546890513e-01 -1.796936832613822048e+02
-1.053127776224610734e+01 1.982815689386778102e+00 -1.787566095465222702e+02
-1.803609941260524963e+01 -1.754168943226992461e+00 -1.797582939733525507e+02
1.784313651821786806e+00 -4.695630873263529903e-01 -1.784706488316788864e+02
-2.274813796631385543e+01 -6.208497905149331864e+00 1.797102079245970572e+02
-6.592987494991779052e+00 2.914254375666758179e+01 1.798096910078641315e+02
-1.430647236975971959e+00 -3.516193750038376198e+00 -1.786511059983935468e+02
-1.180785568355832282e+01 6.660595755998848233e-01 1.797157362770884390e+02
-2.515310752508375458e+01 -1.536163340582702297e+01 -1.792459224061173302e+02
-2.999581786339065204e+01 -2.178233109385427468e+01 -1.772295367674682041e+02
-3.231321393597294644e+01 -1.852410089753385591e+01 -1.791308796262350427e+02
-6.206131937373916330e+00 2.828917691619490249e-01 -1.784702494715576790e+02
-1.329191894643909500e+01 -5.868552762075950113e+00 -1.794319152276222269e+02
-1.419243055715801916e+01 -3.362428601823422625e+00 -1.785780517021365483e+02
-4.958500805780168719e+00 -1.265116243334682977e+00 -1.783046899013803284e+02
-9.542421871237390718e+00 1.025768072966688926e+00 -1.790229102624417692e+02
-1.825216320094347822e+01 3.309017304916744706e+01 -1.788589047547320092e+02
-1.351356940022348851e+00 2.669206428162341993e+00 1.798275457873074004e+02
-2.265526970500344017e+00 -1.494472335125208939e+00 -1.786031179874626105e+02
-2.252730713867925161e+01 -1.497967557227340940e+01 -1.795965926192664313e+02
-1.309289917176844220e+01 6.193127621823821816e-01 -1.795793483636554697e+02
-2.576153756592687216e+01 -1.821694323783418312e+01 -1.783229233629218697e+02
3.867338531263559087e+00 1.457397949869845455e+01 -1.744352392126628502e+02
-3.652786706210587653e+00 6.112680626218917723e+00 -1.776338146150947068e+02
-3.132593310677795984e+01 -1.782248210931730981e+01 -1.788831118716622655e+02
-2.233600465759399611e+01 3.132445698823075109e+00 1.797090914874436862e+02
-2.470918122469119282e+01 4.026191927538972593e+00 1.790988865670769883e+02
-6.833698985765207290e+00 1.295865191415076900e+01 -1.788432799277035770e+02
-1.612531021342519466e+01 -4.348593303334170379e+00 -1.773162607434046265e+02
-1.818514943352497681e+01 3.545503170294892215e+01 -1.781327846398207839e+02
-2.823015070648906999e+00 5.452775647776415546e+00 -1.796092417053623933e+02
-8.983422531048039783e-01 1.665730960080918477e+00 -1.789751665219584424e+02
-2.683011727919760148e+01 -1.671648840613531561e+01 -1.795145288272416053e+02
-3.189079707650402540e+01 -5.427302373967719973e+00 -1.791784722060053809e+02
-2.631183363848274226e+01 -1.746554052129483381e+01 -1.794792407799610885e+02
-1.425097080025060770e+01 5.395831329405453847e-01 -1.792313328729075295e+02
-8.416876429074777732e+00 1.731817418447280943e+01 -1.764279602131473439e+02
-1.323085023800186733e+01 7.522616706225106198e-02 -1.791826646377116390e+02
-9.106862664120354722e+00 5.069560042674557288e+00 -1.792664251832217133e+02
-2.393756841481512154e+01 3.894023129713332310e+01 1.773709176073593028e+02
-2.935825325791252638e+01 3.844226798174518223e+01 1.795787736650900968e+02
-3.655872144627159059e+01 -4.810253312154627814e+00 -1.786751148541328860e+02
-1.262177655908222285e+01 -6.267955552063642521e+00 -1.779208921573188320e+02
-4.326047252472354110e+00 7.038437462581235593e+00 -1.780926007662610289e+02
-3.284151534140294615e+01 -1.736833591339159710e+01 1.797032671387629250e+02
-9.622267535503938873e+00 2.456776746298953817e+00 -1.784562243222887332e+02
-3.650151793702507774e+01 -1.965410929497245007e+01 -1.785573362986740733e+02
-3.441304548666054330e+01 -1.841435838803971592e+01 -1.787645491179516739e+02
2.280779007595918340e-01 1.690004593932628474e+00 -1.776732740794344920e+02
-1.607561584149783940e+01 2.232471968915430871e+00 -1.777304520255211173e+02
-3.088881431799060806e+01 -2.001106623366046833e+01 -1.784961398044407304e+02
-1.329220550649846544e+01 -3.485817573344997644e+00 -1.790300914556486305e+02
-7.025452202465570117e+00 1.509667567651197650e+01 -1.779355532224477088e+02
-1.128227262382915619e+01 3.153916231910993240e+00 1.796448266308760537e+02
-1.032409929288643013e+01 -9.946447980213544149e-01 -1.791392065672080776e+02
-9.664629944939548523e+00 -1.175289526729249623e+01 1.796186830590111470e+02
-9.590485746924308330e+00 7.649016460439278298e+00 -1.787189260518427716e+02
-3.184728758417911365e+01 -2.416203212352008833e+01 -1.768306216370056632e+02
-2.764888840662786862e+01 -1.669745478694639829e+01 -1.794857395429994824e+02
-3.520171840580346867e+01 -4.812613410098038891e+00 -1.787562225195509882e+02
-1.337585191234389370e+01 -2.675365943314961803e-01 -1.766011134100195079e+02
-2.899424985247339137e+01 -1.631748822753154471e+01 -1.786154644789160102e+02
1.538844850428358502e+00 2.042149163731498351e+00 -1.797355709424091117e+02
-4.353187563967958695e+00 1.193973763998047444e+00 -1.796886406162868184e+02
-1.539253176375908261e+01 -3.289888740767346054e+00 -1.779363119774421875e+02
-3.237438488694137817e+01 -1.739547751562217570e+01 -1.796914977199718066e+02
-2.754359212751239383e+01 9.492655031528002274e-02 -1.790223056886905795e+02
-3.804966545082404394e+01 -1.816309236402713978e+01 -1.776650370255062796e+02
-1.721253267615683313e+01 2.174248341752951230e+00 -1.792368438782300473e+02
3.545074858591477973e+00 1.093535528427591164e+00 -1.790745725035596934e+02
-2.985850938634661222e+00 -8.114463372475707814e+00 -1.796933501265905875e+02
-5.399564684861223540e+00 6.132730825882696912e+00 -1.794979838641371828e+02
-8.927201164373048670e+00 3.460093718013764530e+00 1.797932811539154443e+02
-1.201757728157115324e+01 3.289051103540070908e+00 -1.774730520330316779e+02
-2.063407707743648789e+00 -6.302903185432058297e-01 -1.784705714166163659e+02
-1.849500904455872430e+01 -3.373290379079893153e+00 -1.788958187580123251e+02
-1.414918744670480422e+01 -9.587136993641064420e-01 -1.787108844482139887e+02
-4.260194143621443885e+00 5.486043927271786025e+00 -1.793291772086294884e+02
-4.520658639325161765e+00 2.918845261447596151e+00 1.796085921241754022e+02
-2.566686081953629461e+00 2.253433361587131589e+00 -1.788740716767707681e+02
-2.070952629462322037e+01 -1.413896272310342983e+00 -1.780529770911620346e+02
-4.495911153513096892e+00 9.052676066178119152e-01 -1.790329136573359676e+02
-3.226484537008715847e+01 -2.060453936682619158e+01 -1.798384654695881295e+02
-1.539837066306061075e+01 -1.895791711744195585e+00 -1.785808542487526438e+02
-6.651295862919782031e+00 5.417524736699930621e+00 -1.787632766772954653e+02
-2.760584054173896362e+01 -1.624659677622193499e+01 -1.792549746005287261e+02
-5.912761514459625722e+00 3.608883883874155707e+00 -1.784080659737399230e+02
-5.830468896349705332e+00 7.764422412822018504e-01 -1.792546654901474596e+02
2.329968191980832160e+00 6.093951682256648184e+00 -1.792123883940288351e+02
-6.794596748395100860e+00 -5.545835820428413054e-01 -1.795053157503720911e+02
-6.428366795938560863e+00 3.957833840965315764e-01 -1.792498118428868850e+02
-1.353060232786923223e+01 -3.916133037692421048e+00 -1.782601424009037316e+02
-2.180297655088227771e+01 -2.469537103797132982e+00 -1.753165265761609533e+02
-2.881503799803096300e+01 -1.773324805256352477e+01 -1.791501565446667712e+02
-3.475040985449155073e+01 -1.761476844688117538e+01 -1.774025177848824057e+02
-3.491228834097983569e+00 1.380471093984613695e+01 -1.763791248548039334e+02
-8.079096772188647080e+00 -8.724645855316082166e-01 -1.782427410929722100e+02
-1.611357059731037378e+00 7.638932094002053752e+00 -1.701885396816763034e+02
-6.098005609959443518e+00 4.520149669093378897e+00 -1.787109991710850352e+02
-1.465643824720471144e+01 -3.231034058504110296e-01 -1.791923055477468267e+02
5.054028572857137469e+00 1.902300102372767698e+00 -1.785351258208468721e+02
-1.085136893310772142e-02 1.751073013128630618e-01 -1.780400176414283067e+02
-3.900258779564723710e+01 -2.189733217208666716e+01 -1.782176999797005124e+02
-3.053066084890186715e+01 -1.957641405172461901e+01 -1.782785989747345639e+02
-2.533139739127703649e+01 -1.601103552304789090e+01 -1.799059345643813685e+02
-1.188845082176242052e+01 1.587497662814724819e+00 1.796565428865521028e+02
-7.816339724855549065e+00 -1.711805520784461798e-01 -1.789703673412269325e+02
-6.150975936430016944e+00 4.423633673647541009e+00 -1.793639477018538457e+02
-3.059190615002714608e+00 5.595900162832995406e+00 -1.788449399564347857e+02
-1.910234148688704892e+01 -3.926573527057212409e+00 -1.793341188253140785e+02
-5.763035851605235571e+00 -6.486734723001773339e+00 -1.786476041223750997e+02
-1.354897791235815951e+01 6.859897117607388628e-01 -1.781840452565320163e+02
-2.359120708848430326e+01 -1.565193710088723833e+01 -1.795977528224176467e+02
-1.467094403354683685e+01 7.622865685107920619e+00 -1.771746486218709435e+02
-5.018337684058172599e+00 9.169383775119317903e+00 -1.780159759944177154e+02
-1.077931904230849369e+01 1.902763959862798504e-01 -1.779409035737656950e+02
5.074178630118988398e-01 2.953562215216503972e+00 -1.783043956745488003e+02
-2.032254155439656884e+01 3.459022238507652958e+01 1.798034413927649666e+02
-1.527941253418351408e+00 1.665081353918300877e+01 -1.743189504479130960e+02
-4.040716680581205367e+00 5.395826049189471618e+00 1.798230328408576497e+02
-3.292518770201447609e+01 -1.969958670324408700e+01 -1.791435215789225879e+02
-3.214748904487268533e+01 -2.192404033432571708e+01 -1.773713092230086374e+02
-6.227525881616845282e+00 3.350980303139537764e+00 -1.782005890129818795e+02
-2.029677550000054342e+00 1.171357695625914275e+01 -1.777019977934631925e+02
-1.308832109027631674e+01 3.829803518320738398e+00 -1.799687503372809942e+02
-2.303932919052440909e+01 -6.802476769797886069e-01 -1.792761000044696971e+02
-1.283972332623743817e+01 2.233641974457945878e+00 -1.776881818486099291e+02
-6.344132723455358835e+00 3.312203994114925720e+00 -1.785751149158417377e+02
-9.876682218977110850e+00 4.458296482612273515e+00 -1.794506776517438027e+02
5.236443558849620317e+00 1.992662868423168643e+00 -1.787901889745295705e+02
-3.920619735329476718e+00 3.529798899772183418e+00 -1.767201537509707805e+02
-3.071631384965775879e+01 -2.034276148111274196e+01 -1.791198514249560105e+02
-9.970938949522709649e+00 3.265951188741972544e+00 -1.794263816139823291e+02
-1.665573845337989667e+01 -4.107980694075768824e+00 -1.786024826930915026e+02
-2.554715611027744693e+00 2.332763886159997802e-01 -1.786580951933078154e+02
-8.711036271982017354e+00 5.889474359977123541e+00 -1.782964523928987148e+02
2.086132903316292531e+00 5.738053508454580509e+00 -1.790149191222584761e+02
-9.128694562328361073e+00 3.274585397650942031e+00 -1.789107282377286765e+02
-1.208815239683278442e+01 1.991343201656945894e+00 -1.794867667395917579e+02
-2.381370735669957028e+01 -1.631290998276401893e+01 -1.784426259494022418e+02
-1.917445614000143550e+01 -2.339480490056798700e+00 -1.791704484895643645e+02
-2.778258038581752487e+01 -1.476859897015701684e+01 -1.792089232900305831e+02
-9.428559581344083895e+00 -1.701848604764796136e+01 1.793247220290288340e+02
-7.616943055479300284e+00 1.800367272096331561e+01 -1.781152634326878399e+02
-1.574541847573339304e+01 -3.741667452540363037e+00 1.798986070324147875e+02
-2.493600067680289456e+01 -1.569104425339304498e+01 -1.792330155717137643e+02
-3.575584854503092158e-01 8.324761063004601169e+00 -1.782617519790300946e+02
-1.277681931767529555e+01 -1.667426412604114949e+00 -1.790545245760307864e+02
-1.442907345440137412e+01 2.869668283769563644e+01 -1.781377430288403900e+02
-1.178751200957029610e+01 -1.052498230825638981e+00 -1.791643238965505418e+02
-1.399902996451604409e+01 5.417803923813822919e+00 -1.781677230203265765e+02
-3.148866514163033870e+00 1.461623729756946943e+01 -1.793456402333580115e+02
-3.396724455052453351e+01 -1.934307832447946751e+01 1.797004206619317586e+02
-1.326342908951816923e+01 1.317305998731204131e+00 -1.789744068319311339e+02
-3.565767357612993749e+01 -1.689918153408788726e+01 -1.789761916327555014e+02
-7.676920306893628698e+00 2.794484176765449579e+00 -1.787058857824835627e+02
-2.831944052877050666e+01 -2.200918589314598250e+01 -1.795129324470437950e+02
-8.014644150135049827e+00 7.126819333302236714e+00 1.799986925050826301e+02
-9.328565432898711762e+00 3.525771798318555472e+00 1.793932644026056096e+02
-1.866773408329014217e+01 3.620945151483978997e+00 1.795983491120927340e+02
-1.095640091679493366e+01 -3.912130635208423968e-01 -1.780368281531455636e+02
-2.776021654025223739e+01 -1.613129705444448803e+01 -1.787002441416588283e+02
3.787842307152331500e+00 4.994195524285591326e+00 1.798257319454466767e+02
-3.930416209786792070e+00 -1.175452077593991618e+00 -1.795665105494624072e+02
-9.610315396814309352e+00 1.127789444325848933e+01 1.793244045789125209e+02
-1.000560796847829309e-01 6.309817364240802640e+00 -1.792748015816107170e+02
-4.982514475901181683e+00 -6.158430596658096334e+00 -1.786662699727411905e+02
-3.340545773953667918e+01 -1.778042913790631374e+01 1.799188355576637832e+02
3.087837293104277681e+00 4.603202891298360022e+00 -1.778507595752758164e+02
-1.752655067154594803e+01 6.064458732974018496e+00 -1.796550537689967655e+02
-3.682619577871010819e+01 -1.796748745476189768e+01 1.795555273322875394e+02
-7.465812975500235815e+00 3.161918270427803268e+00 -1.779367050908259955e+02
1.660541275405955419e+00 7.456408412951351039e+00 -1.786206007579309016e+02
-5.071368095260006648e+00 4.745552063676285570e+00 -1.774149296885722151e+02
-6.532711650737589970e+00 2.062008407281074263e+00 -1.796410330876398405e+02
-1.379355112052233245e+01 -1.925853555171682663e+00 -1.793017761631900839e+02
-5.036062826787664370e+00 -1.950817070364875283e-01 -1.797387927916755928e+02
-4.346305755348898181e+00 2.278148309929727056e+00 -1.782158262915707780e+02
-1.678549959854196061e+01 -2.874398607437560038e+00 -1.788188260713916122e+02
-3.586826845076196690e+01 -1.942300601661396797e+01 -1.780301333326322322e+02
-1.213099816928433583e+01 6.486467016402967189e+00 -1.792133856345180902e+02
-8.049049174228434467e+00 -1.485226886507753363e-01 -1.798472901248199491e+02
-1.256171425001649133e+01 -5.841312732585268730e-01 -1.778666120757047224e+02
-5.044558551202979579e+00 3.637798406636062687e+00 -1.789633125335644195e+02
-6.227903562505617607e+00 7.070147236452546835e+00 -1.788490967123989890e+02
-1.120967213748206515e+00 7.676225774961970005e-01 -1.790236794448424291e+02
-9.660018722368914013e+00 -1.582719569292209094e+01 1.797431508918429870e+02
1.532930513856063826e+00 -1.623293881341721923e+00 -1.779611504556439456e+02
-4.419859099339167763e+00 6.793736254434007416e-01 -1.784452564161669557e+02
-1.131576353687660585e+01 -1.189118283490162131e+00 -1.761084210215556993e+02
-3.014798129412922378e+01 -1.643644904273196516e+01 -1.785737711055446368e+02
-1.937701493919720264e+01 2.401666405323393150e+00 -1.793389713856264507e+02
-5.767007042243641024e+00 8.119704898875633958e+00 -1.791056593454119650e+02
-2.394912404766616376e+00 -2.622695640205193524e+00 -1.788420859673201164e+02
-1.199966289290271426e+01 4.888835700877610435e+00 -1.793481535097331232e+02
3.696399915717652807e+00 4.883210344265492608e+00 -1.796595658056159266e+02
-3.356044899619332966e+01 -2.208575000549310374e+01 -1.758458684408493866e+02
-9.517508470828781597e+00 1.606841194681793761e+00 -1.799364585403599790e+02
-2.297185531021108673e+01 -1.495993224586537806e+01 -1.790909782441370055e+02
-1.368865779474286626e+01 2.230795464250030946e+00 -1.797190015474335780e+02
-3.730600879249386992e+01 -2.134127563356441826e+01 -1.780632878038725835e+02
-6.359201149635206107e+00 5.688870070035422222e-01 -1.787625462838176986e+02
-3.161450494450799198e+01 -1.931203505523545871e+01 -1.796575411328364567e+02
-1.463459825743096943e+01 3.120076343115323336e+00 -1.794738105303703435e+02
-6.556314901513934146e+00 6.900341262899934991e-01 -1.784088785394530419e+02
-1.630660769531754184e+01 9.151730537304137769e+00 1.792404636740757269e+02
-1.446307809888327611e+01 -2.769238121165853883e+00 -1.768957127926576618e+02
-1.282961195561946255e+01 2.247853805896219637e+00 1.798141955479231910e+02
-1.155006041391915694e+01 5.087548405953641328e+00 -1.785527125966879396e+02
-4.347488957246500973e+00 -3.021614355848955547e-01 -1.790805596113355591e+02
-3.767821868961650011e+01 -2.301891069387840005e+01 -1.780618475315641831e+02
-1.164847402486192074e+01 1.227303570918698306e+01 1.766302347023187451e+02
-5.923517098159369887e+00 1.092809428956384998e+00 -1.786091205683773069e+02
-2.534685799263618833e+01 -1.184373837293329146e+01 1.794837760504142921e+02
-1.000285211500337290e+01 -8.771089367799269620e-01 -1.791434515291948344e+02
-1.018477243438897872e+01 -1.454417387454393529e+00 -1.786289524129634572e+02
-1.296506866473839814e+01 9.017946037459429576e+00 -1.791384631970856560e+02
-3.293524480800437004e+01 -1.824672481304302352e+01 -1.778736814907523467e+02
-2.994378902859800107e+01 -1.665564159749360940e+01 -1.788816502161685662e+02
-3.118994464361184882e+01 -2.290181185872753034e+01 -1.781540021927728503e+02
-1.579453291568683682e+01 -5.831895414250515969e-02 -1.786197957803014447e+02
-1.755502962218218599e+01 1.456179279819975747e+00 1.794788371702251766e+02
-7.244277768325864564e+00 -1.128665291019494754e+00 -1.788275362009391642e+02
-2.862163083684646381e+01 -1.703613230382090649e+01 -1.793443248885512560e+02
-7.449251997700820027e+00 3.039602898416076560e+00 -1.772305411569399212e+02
-3.000199604116474106e+01 -4.402353647721641394e+00 -1.784865415860331552e+02
-1.628653566162702759e+01 4.006062687469444938e+00 1.790045549424046953e+02
-1.957624570920422968e+01 -2.048583851116884791e+00 -1.790952373097521786e+02
-1.234277977680167782e+00 3.235011432935025688e+00 -1.780478836761778325e+02
1.278912529906216511e+00 1.145341756900056795e+00 -1.791692388871774710e+02
-7.884570093244100963e-01 3.157529089237505637e+00 -1.788889965428978996e+02
-3.012320701776325382e+00 -1.171569809258746320e+00 -1.799301635208167340e+02
-1.433508144465961820e+01 2.549091213638354780e+00 -1.798319502164995072e+02
-1.207717441166728278e+01 1.311127193552297454e+00 -1.792405477945787311e+02
-3.026168864766857780e+01 -4.146998766654675705e+00 -1.769181331646036313e+02
-1.049280811376944200e+01 4.637082777890962682e+00 -1.798317589145819397e+02
-3.293199155181596183e+01 -2.391192177686302145e+01 -1.786803753867681337e+02
-2.662400995472158272e+01 -5.577875991373301368e+00 1.794269307828548392e+02
-1.020839780754173276e+01 -1.586895399056084877e+01 -1.793546897434802645e+02
-1.473511546506658476e+01 1.182308599724467335e+00 -1.786317080108172206e+02
-2.691260737307130224e+00 2.921296512707292070e+00 -1.790297901636448330e+02
-3.605628877347907935e+00 8.915843801679299574e-01 -1.796659668616251793e+02
-2.993083267612364651e+01 -4.696794220904246586e+00 -1.797932809718634246e+02
-3.717899205172182775e+01 -1.768759152506511967e+01 -1.786483955488929780e+02
-1.283149363209671279e+01 -1.368926126148239053e+00 -1.795460939847242230e+02
-1.016819923763090827e+01 -2.164646252118419323e+00 -1.787596015036377253e+02
-1.856877298081297667e+01 1.688005787980361161e+00 -1.783248577171430895e+02
-4.302131145294121772e+00 -6.249659294044343838e+00 -1.789699734276948959e+02
-7.513133891240747708e+00 5.232443712104781319e+00 -1.787637904883752924e+02
8.615395269073170326e+00 2.440610512944921151e+00 -1.792505414930840573e+02
-8.843075342469546740e+00 -1.181513917402399416e+00 -1.780766082061738018e+02
-4.093510391902932533e+00 6.071846104399465816e+00 1.799240822283417458e+02
-4.207731957945491708e+00 1.562769527239380629e+01 -1.768510747569943362e+02
-3.175888584691933048e+01 -1.945052147856359781e+01 1.798933871161654849e+02
-3.032346403561983905e+01 -3.658431149979310959e+00 -1.789013109855922039e+02
-1.344378153611813609e+01 3.633024281866181315e+00 -1.789603509247118609e+02
-3.435704996240158948e+01 -1.820213089132812101e+01 -1.782223066892148040e+02
-1.817338129354221010e+01 -3.687061955792901635e+00 -1.790136411806754779e+02
-7.115828976434723785e+00 1.193833354791575818e+00 -1.788209396193661860e+02
-2.688293479976715084e+00 -5.580565742397171070e-01 -1.782018073765964914e+02
-2.937456162469898757e+01 -1.632107284307643624e+01 1.799561009058878369e+02
-1.269525376817202655e+01 -2.271785161603106395e+00 -1.791945961418224442e+02
-2.570313545820859602e+01 -4.066041912414430470e+00 -1.797414229442659064e+02
-2.318541574065102395e+01 -1.657019541268379825e+01 -1.790363661535148765e+02
-2.650616187838603821e+01 -1.641475433320307786e+01 -1.792789715854591748e+02
-6.434593734939256571e+00 4.847917850720597777e+00 -1.793941890216171942e+02
-7.019022341028161804e+00 1.028535454904648372e+00 -1.797702933730352015e+02
-3.580880798616359328e+00 2.978978994110770273e+00 -1.780728527800799270e+02
-5.966576817097328345e+00 -8.467388683666507987e+00 -1.789627024526588173e+02
-3.511982620454262349e+00 3.691331526610812652e+00 -1.787005635965244892e+02
6.947429835919003871e+00 7.729116897580852630e+00 -1.785276605077499994e+02
-2.549243532978557170e+01 3.842059060080682542e+01 -1.793165019349895601e+02
-1.796465560508141834e+01 2.096377207532423181e+00 1.797063504773655609e+02
-3.058595727948534559e+01 -3.389711384854773524e+00 -1.792980067476953252e+02
-1.310689360037034312e+01 -1.237262996877933757e-02 1.799542346097383643e+02
2.898179116211926587e+00 -5.348981513049833741e-02 -1.783254166688743396e+02
-6.480036582933930589e+00 1.741491806787270447e+00 -1.788262179235418898e+02
-3.159394549504804584e+00 4.572428885014526934e+00 -1.796113559768741936e+02
-2.560180579431576220e+01 -4.654379386849364586e+00 -1.795903897460888459e+02
-6.628750669503181925e+00 -2.608226736283413061e+00 -1.788502054776508032e+02
-2.868069471271753823e+00 1.942375361659599342e+00 -1.794358197086411906e+02
-2.526337602186081810e+01 3.827040093663023157e+01 -1.799169077499991261e+02
-3.160212253060926457e+01 -1.878413991803597938e+01 -1.789488157171002456e+02
-7.895528104634324862e+00 1.304282862538107546e+00 -1.789490722826207616e+02
-1.669551141897253999e+01 1.331781001524256780e+01 -1.782250699061572732e+02
-2.287624090622093931e+00 2.029939428240062327e+01 -1.765762939557528171e+02
4.650096701431075674e-01 -1.465268621203658972e+00 -1.789959319277790257e+02
-1.370058465794246594e+01 2.268220974385667166e+00 -1.787693906555982721e+02
-7.943151281854315293e+00 -6.427403231429861918e+00 -1.785789887360621151e+02
-1.048990326779823867e+01 -1.783194375746150140e+00 -1.786631227710233247e+02
-3.238995294149477644e+01 -1.847890813593362580e+01 -1.789513009081024677e+02
-1.609165190941487467e+01 2.919072146976845472e-01 -1.792652016563585278e+02
-5.702343381528411914e-01 4.709726917060010898e+00 -1.778094296072055727e+02
-7.313118540759758979e+00 3.618683088109294843e+00 -1.786537542290288627e+02
-3.578050363498090913e+00 2.826415869110165069e+00 -1.795636630904234039e+02
-2.860112734305710891e-01 -7.897378999659959709e-01 -1.784339752842989242e+02
-1.244830269483915153e+01 -1.383035122767988234e+01 1.791172892642719603e+02
-3.716942158176987476e+01 -1.876321785653019703e+01 -1.745575392098938323e+02
-3.041324539806512561e+01 -2.426109386416225533e+00 1.799847023854976555e+02
-3.567205185678594859e+01 -2.223053093247955303e+01 -1.786816348652672843e+02
-7.964928112217513068e+00 3.195874675213475680e+00 -1.776096472377791429e+02
-8.295398250667533446e+00 -1.216474552292060141e+00 -1.789926643016619039e+02
-1.188685289099838371e+01 2.772400621800623810e+01 -1.789396380903563113e+02
-6.902212992033811112e+00 -4.390912659895588877e-01 -1.786750421896732917e+02
-1.353806665226651518e+01 9.047298545306272644e+00 -1.787891057277359437e+02
-3.625119107353047099e+01 -1.934711396365355185e+01 -1.782922468079612202e+02
-2.453640211489579670e+01 -1.470141101262155381e+01 -1.794456362323428493e+02
-7.041284487885527632e+00 -3.316879342252260887e+00 -1.795218525339986115e+02
-3.754101593849630802e+01 -1.907730320329377705e+01 -1.794746703529053207e+02
-1.336667664338338035e+01 -1.924745855265385330e+01 1.798202969161177691e+02
-1.866848869405259848e+01 4.106133650197424600e+00 -1.791071103857157425e+02
-1.387242315128919401e+01 -9.230755410681950046e-01 -1.781862931700468664e+02
-6.283840208624282830e+00 -3.195218070010747979e+00 -1.783644758510652082e+02
-1.512100942433918860e+01 4.156693644121292053e+00 -1.780707400916032270e+02
-5.384681844010546392e+00 -2.206679397767717266e+00 1.797821606280176638e+02
-1.036678452789107041e+01 9.639631237180342538e+00 -1.784454204617902349e+02
-6.354355173793435618e+00 7.526434017731557624e+00 -1.783927355070886733e+02
-1.685955559684542138e+01 2.647720683055204915e+00 1.791434373423873012e+02
-1.082772828267455800e+00 5.393952894826257172e+00 -1.791451153667141227e+02
-1.297737647708268760e+01 1.526813407544673096e+00 -1.789948026754483124e+02
-9.464906485248379298e+00 4.494313812506161021e+00 -1.786575225472931550e+02
-5.555913320013820211e+00 -8.789376790156316233e+00 -1.782881961774751858e+02
-7.702121608182844525e+00 7.290258369851113862e+00 -1.791454561905958940e+02
-2.366778963794062562e+01 3.817477350302522154e+01 -1.784865611822810081e+02
-6.721200631344311560e+00 -1.152189396660304954e+00 -1.792351808301682752e+02
-1.101842967970596199e+01 4.839387676447392650e+00 -1.797452892991623230e+02
-3.013486251026943119e+00 4.836359797892243684e+00 -1.784057656290600278e+02
-7.100122232838199210e+00 -2.987939657044419661e+00 -1.791179381367618078e+02
-9.546996670468054447e+00 1.305307609589274342e+01 -1.788389140348630519e+02
-3.429057061239180193e+00 7.117251623554722961e+00 -1.787749804259490247e+02
-3.094850616163018131e+01 1.120567511672300176e+00 1.792844592538511961e+02
-9.059279625728027696e+00 9.761168498809864147e+00 -1.789936419779554910e+02
-9.689530394554882520e+00 -1.732440350559368847e-01 -1.795751489015349591e+02
-1.126056398289664173e+01 1.915388802290957537e+00 -1.789625456932188001e+02
-3.135342700147425532e+01 -2.035270280842318513e+01 1.798359509315956188e+02
-3.514842928553983370e+01 -1.643598356106890179e+01 -1.787719363096114762e+02
-3.006777284826551622e+01 -1.773958673672681030e+01 1.794358005045348250e+02
-6.757807301113349041e+00 1.859514263671840917e+00 -1.788421320588930996e+02
-7.932826964202654985e+00 -1.426798889345322063e+00 -1.790684774455611148e+02
-1.273473736689277835e+01 -1.553709485179867400e+01 1.799285305058257620e+02
-3.072390992135950682e+01 -1.668083543249103329e+01 -1.782663838899823929e+02
-1.556939394457544168e+01 -1.676543080923101448e+00 -1.794285233929058734e+02
5.001398576084773451e-01 1.691325631366088800e+01 -1.761058703046546441e+02
-3.946281797685533377e+01 -4.048874174174355467e+00 -1.790293523059894198e+02
-3.172722292626130525e+01 -4.765386294307273118e+00 -1.789621141209856887e+02
-3.273203478051248538e+01 -2.203317562401057117e+01 -1.782155986461224302e+02
-3.288664313281889573e+00 -3.991218724869502466e-03 -1.786352762313494225e+02
-2.083866360242295990e+00 3.002873773955286651e+00 -1.789869794409034967e+02
-3.276994129462634131e+00 -5.831948612142265453e+00 1.793669441300220058e+02
-3.775483058297134420e+01 -2.112994833789177918e+01 -1.786631734801544269e+02
-7.395507665191230373e+00 9.900667107774616671e-01 -1.792597548830597702e+02
-2.904843134247482084e+00 4.889424408258030930e+00 1.794472889270118117e+02
-2.889893786471476034e+01 -2.321242212342710687e+01 -1.781621032806526728e+02
-2.696586018002261831e+00 7.212331397715481707e+00 -1.789460753472014574e+02
-5.329563032580949766e+00 9.104354026804610811e+00 -1.782111672993358695e+02
-1.539551023943252162e+01 1.343516797068869062e+00 -1.792608775517551294e+02
-1.149450975088615401e+01 3.708036147928652326e+00 -1.799319050070702986e+02
-6.464894619249268892e+00 -1.551005007904890487e+00 -1.791099462078494184e+02
-1.343651095430316111e+01 -1.836120365228094631e+00 -1.782046066271101949e+02
-1.116487784414555939e+01 3.409830177737444235e+00 -1.792939417898735712e+02
-7.297942842980778444e+00 9.880429094202632712e+00 -1.791730655336529310e+02
-1.420944053750828040e+01 -1.832589999661526470e+00 -1.793095415855298711e+02
-2.414829317884893811e+01 3.831861737536505785e+01 1.798454515568582224e+02
-1.468424243017256359e+01 -1.662040325519656303e+00 -1.791785435750494742e+02
-3.306253365861940807e+01 -1.863011750714943915e+01 -1.764935216043087678e+02
-3.176200854160753906e+01 -2.289655011584491007e+01 -1.792673825755969403e+02
-1.144507281754544614e+01 9.489864540773579549e+00 -1.782181850732253849e+02
-1.120781630255401318e+01 -2.159003203242925828e+00 -1.746403785553067394e+02
-2.129465024288642994e+01 2.748465355845101321e+00 -1.794133023392258224e+02
-3.182555715621166570e+01 -1.459352634002558435e+00 -1.795884649849372181e+02
-1.363156553253009662e+01 5.807398342003050828e+00 1.798728714658419392e+02
-1.645230799876169669e+01 5.764837356941495017e+00 -1.791581819391756483e+02
-1.477338214713374320e+01 2.787083366547128627e+00 -1.792976746406732218e+02
-2.601844686700414755e+01 -1.604432968126579695e+01 -1.793751433920406555e+02
-3.114495880270804307e+01 -1.661893917994451186e+01 -1.791715200237631791e+02
-3.467926152877444679e+01 -1.923595321451265505e+01 -1.786869715974169424e+02
-1.395212423185136785e+01 -1.767497772761476327e+01 1.789584746019363877e+02
-1.589262108775756310e+01 5.776075832781759622e+00 -1.774725504038365784e+02
-1.725279989745014575e+01 -2.752244003646512116e+00 -1.788625482854614859e+02
-1.520843772805829275e+01 -2.151358275356845873e+00 -1.791396584777044723e+02
-1.226496806452943922e+01 8.151474668831506065e+00 -1.787792696998140229e+02
3.231110968617957990e+00 6.100058514101654339e+00 -1.794875206374694585e+02
-3.204750566432913672e+01 -1.973749630833186686e+01 1.793718357102003154e+02
-3.590741758328764632e+01 -1.971560684746529191e+01 -1.779053001875230962e+02
-1.151065801134573441e+01 2.377650901652058391e+00 -1.789517955095591333e+02
-3.639610663593008155e+01 -1.880206056471631015e+01 -1.792156449526655706e+02
-7.738354977864616124e+00 6.514493102730431140e+00 -1.792190205528230535e+02
-2.794610439058469709e+01 -1.631720188409089189e+01 -1.792978622131983002e+02
-2.308202495460508530e+01 3.199317504785098798e+00 -1.799760802442832244e+02
-1.118455833665115051e+01 1.342577338720519986e+00 -1.787860746199874313e+02
-6.621925838383496021e+00 2.263058880154525720e+00 -1.788989786054671924e+02
-1.023815251907092971e+01 9.658006851383179603e-01 -1.789936541133982075e+02
-3.640822547541980470e+01 -1.743082143034999731e+01 -1.751604703117731674e+02
-3.755120095231687571e+01 -1.846563881980030786e+01 -1.784351719775324625e+02
-3.138885910395648438e+01 -1.730677325184381843e+01 -1.797996467021788476e+02
-2.653907677587116254e+01 -9.310313817833801409e+00 -1.792069491178879161e+02
-1.599827721914768297e+01 3.242925337344994574e+01 -1.797052920317826761e+02
-2.849096029425871990e+01 -5.439871134039586664e+00 -1.789705353269652335e+02
-9.323366760831159894e+00 1.930740611356493330e+00 -1.795446976613602601e+02
-1.297368216953196374e+01 4.943380149743472618e-01 -1.790648481716153242e+02
-3.650241263100270572e+01 -1.905111328353546085e+01 -1.795060358249482420e+02
-1.468409755720494303e+01 1.026013086657851936e+01 -1.797846645623125141e+02
-1.569002701204577299e+01 -2.026847143798557838e+01 1.787180701898389259e+02
-8.881326199215180850e+00 -1.174956895776556376e+00 -1.787503574254291721e+02
-8.891355200253078905e+00 3.836508831619768412e+00 -1.798966693792463900e+02
-2.816369024722396830e+01 -1.602384840532264221e+01 -1.791814573509813613e+02
-8.785137145385444768e+00 4.960431529413060758e+00 -1.798924693676300421e+02
-2.082266305590887612e+01 -4.020402336810651178e+00 -1.791914217226918993e+02
-2.251839387641754087e+01 -1.456681345220522950e+01 -1.795883170772320625e+02
3.168411262817284246e+00 3.239395075383856071e+00 -1.777804675563668866e+02
-1.890184528702432942e+01 2.568882435692033894e+00 -1.791701065702602307e+02
-3.446109029661478473e+01 -1.933796525527855081e+01 -1.793800346642535715e+02
-1.274325785237792630e+01 9.205087498473263352e+00 -1.794071776460500303e+02
3.394724841282004579e+00 9.180813747334034547e-01 -1.784802862087637436e+02
-9.247426105701940457e+00 1.805136211386882072e+00 -1.778052641349439682e+02
-1.276941693565768432e+01 -1.562513324893564715e+01 1.794074534211533773e+02
-7.513649660815233666e+00 3.100842087044738182e+00 -1.783760372344529230e+02
-1.954320572678675560e+01 3.927688996316752057e+00 -1.799380574283364638e+02
-2.537225499682630669e+01 -2.109791162067539361e+01 -1.782569222559419018e+02
-1.910095555311337279e+01 2.814680436283384157e+00 1.793116677773621461e+02
-5.029431511201187810e+00 1.020723071428995404e-01 -1.788791797831721624e+02
-1.443537677691345955e+01 6.316580993626446094e-01 -1.791832221018223095e+02
-1.367345632748240192e+01 1.708865490985791880e+00 1.794843617384402990e+02
-5.398405965008962859e+00 1.148549073627724404e+00 -1.789071035883447678e+02
-2.271983302635290158e+01 -7.583762953094542070e+00 1.794273062198701894e+02
-6.878375844428794572e+00 -3.226693904094994902e+00 -1.787162735163369973e+02
-1.769425315611220961e+00 5.737175564410173401e+00 -1.780931865987135154e+02
-8.157751174374775260e+00 1.627497471983544441e+00 -1.792565498521116751e+02
-2.706695216152790806e+01 3.169357066982918969e+00 1.796905817591124048e+02
-1.377709095725148991e+01 6.799125806550635254e+00 -1.779527637692324902e+02
-2.402258619501216330e+00 1.947395188208024486e+00 -1.773427902923056934e+02
-2.361054090712763909e+01 4.787866883441749266e+00 1.795382181476310564e+02
5.462594003925492991e+00 3.121397178839802056e+00 -1.798324142796213607e+02
-2.602301106298805955e+00 -6.343054417971069725e+00 -1.792453764188605589e+02
-7.586337514330155685e+00 -1.370546790652445335e+00 -1.782210436728777836e+02
-4.198634926857141458e+00 -8.063529297149224506e-01 -1.781026315683717769e+02
-1.173607996653223573e+01 3.913621010923516330e+00 -1.794030962293038556e+02
-2.686929446669610311e+00 9.603809326771191313e-02 -1.792552239612709855e+02
-2.315367808066723043e+01 -1.732192779697643514e+00 1.796147124481373680e+02
-9.022391895263101702e+00 -1.905213794664515348e+01 1.791731892284922196e+02
-1.331389860090940402e+01 -1.218640982394072703e+00 -1.776038561995919736e+02
-6.760256312620372299e+00 5.101043393843696983e+00 -1.790374308669053960e+02
-3.154008986778518064e+01 -1.744898120458006119e+01 -1.783162107312549836e+02
-2.969137389450760267e+01 -1.893734325930909179e+01 -1.795777439516614038e+02
-4.931019386718880959e+00 1.643913926438985706e+00 -1.788079433870439630e+02
-3.539085931488031633e+01 -1.777768279865693657e+01 -1.784077142436998429e+02
-2.087312589435012100e+01 -6.033319706979784591e+00 1.796763679635252515e+02
-3.746815490658396897e+01 -1.822699394698957676e+01 -1.785144712438283818e+02
-4.160735334194560764e+00 -1.002042432950201345e+01 1.798799419436510902e+02
-5.286327197633978514e+00 3.622074155128637507e+00 1.798595052377561956e+02
-2.017498367286266259e+01 -3.538131225169674821e+00 1.797823848160694808e+02
-2.164215660572692101e+00 -2.859473000861338932e-01 -1.788351031081038798e+02
-3.099849172367552796e+01 1.125380553717021836e+00 -1.795867559160735425e+02
-3.099019229439145207e+01 -1.963505440502154542e+01 -1.789778898539547072e+02
-1.379771076921926021e+00 3.963829142874900846e+00 -1.770417009337876380e+02
-5.611015187540804305e+00 -2.230626829532038169e+00 -1.787383290474743092e+02
-3.204660478285144620e+01 -2.349400179959612700e+01 -1.781354592984230294e+02
-2.836332494718865860e+01 -1.371223126536767900e+01 -1.795859168602539739e+02
-2.608378552636008596e+00 1.083366106078079927e+00 -1.781086638812713545e+02
-3.023005401609988851e+01 -1.503923251379123194e+01 -1.788375291806794110e+02
-5.829420426208352879e+00 1.360889528664812387e+00 -1.787417871843269666e+02
-3.377916956584595454e+01 -1.725270417338461471e+01 -1.793016740407308305e+02
-8.154530688635954760e+00 4.321803286377925879e+00 -1.790052847882767253e+02
-1.092247298213901985e+01 3.282185209694655104e+00 -1.793304621807075705e+02
-3.992265947832451811e+00 7.381219962820727787e+00 -1.778125366542411712e+02
-3.538045838993789971e+01 -1.950368973045453203e+01 -1.787831064161854044e+02
-2.741227684216030269e+01 -1.067707079987327567e+01 -1.792062989361316170e+02
8.065013107289831229e-01 -8.300625786065538581e-01 -1.781666972226211954e+02
-8.177963312360237325e+00 3.893337925411355371e-01 -1.777876758742370669e+02
-2.903778710467238611e+01 -2.181594339210284872e+01 -1.791396147190460795e+02
-1.084777070687375655e+01 1.790139130694396563e+00 -1.793215450706379386e+02
8.634676527718326833e-01 1.297970824655868549e+00 -1.788867679833177533e+02
-2.662312233410919049e+01 -5.440226521084348121e+00 -1.788069225223505327e+02
-1.150887876080520478e+01 -2.468178115003227813e+00 -1.791635105930392911e+02
-2.922686046160523432e+01 -1.609827010748954734e+01 -1.789883742443275878e+02
-2.858903695978283821e+01 -5.990675308286393275e+00 -1.796802014909573018e+02
-2.567012412590667125e+01 3.740844189201908421e+01 1.788302727624827071e+02
-1.285816375779407750e+01 -1.593913202887224045e+01 -1.797863814434224707e+02
-1.100675089779928406e+01 -1.579566362174817384e-01 -1.786489857179701062e+02
-1.163236731678822622e+01 1.702200226089501056e+00 -1.786607658482228089e+02
-1.968115806993026240e+01 3.703666863820198074e+01 -1.787449418385295985e+02
-3.838274211710980488e+00 3.634539048551754803e+00 -1.780431556439978635e+02
-4.570945945936307098e+00 -4.385918195239918438e-02 -1.790209238280301918e+02
-7.521130929162297640e+00 -1.084079426535832918e-01 -1.792750056441494166e+02
-2.861649512658156169e+01 -1.772194430686616684e+01 -1.782480470200692082e+02
-1.297329592290767941e+01 -2.992812191873645222e+00 -1.785256180715254857e+02
-1.632236073401505294e+01 2.023717730118697045e+00 -1.799887272601384041e+02
-2.467044595269618057e+01 -1.212177352682491271e+00 -1.783485547697817140e+02
-2.845735523939515943e+01 -1.654704144561237200e+01 -1.789851058426900181e+02
-1.055663775992816866e+01 4.666026884220698667e-01 1.797620736900750842e+02
-3.491204180009588498e+01 -2.244882897720732018e+01 -1.797046594879254542e+02
-1.795366863207402019e+01 3.695703467804276610e+00 -1.798568742224558434e+02
-8.586230785338052840e+00 2.486568516233972126e+00 -1.788422534559927612e+02
-2.414182910091834344e+01 -7.073981820942602639e+00 -1.795552832634252525e+02
-1.030884781960014607e+01 1.319098323987913268e+00 -1.793477811401868962e+02
-3.585600495597556403e+01 -2.163713452943783366e+01 -1.792668681671139836e+02
5.624318114742279384e-01 -1.171457133020076258e+00 -1.774202654318615942e+02
-3.549398959024200906e+01 -1.638538906656930649e+01 -1.784993217214552317e+02
-9.982901871297658047e+00 -8.799441991749660019e+00 -1.797047570449383045e+02
6.937364450636522850e-01 2.169196491589469478e+00 -1.775398750983078173e+02
-2.658882186316943219e+01 9.072174625944376958e-01 1.777991072870608491e+02
-3.601317745351976640e+01 -1.986838689010625103e+01 -1.781487794888441272e+02
-4.812267982072318873e+00 -1.194441057871010514e+00 -1.781945933528194530e+02
-1.930326218676798078e+01 -2.076527421168157694e+00 -1.791065940148126856e+02
-2.481560277706808648e+01 -1.531819021532792391e+01 1.799809142667496644e+02
-6.021202537988695980e+00 -9.483426545118508244e+00 -1.795339897833343059e+02
1.538844850428358502e+00 2.042149163731498351e+00 -1.797355709424091117e+02
-9.075724574273438705e+00 -1.856501969720035561e+00 -1.786077848193618536e+02
-1.562912949213999880e+01 -1.906465944848176441e+00 1.792713237146045344e+02
-1.391566364992040050e+01 3.461912319708914665e-01 -1.791775687278741600e+02
-3.566252423689805084e+01 -2.035248834342995750e+01 -1.788195921398869359e+02
-3.393973120086486261e+01 -1.677949103950740550e+01 -1.785282730760180812e+02
-5.393785453500777649e+00 1.332940572973866589e+00 1.797581490818874386e+02
-1.654294285811223730e+01 -9.443391132601041127e-01 -1.776744975149844947e+02
-3.931202615457113581e+00 6.671930137681320039e-01 -1.797117590986950688e+02
-1.358850072420585420e+01 3.228916858646108068e+01 -1.784043790177987887e+02
