1.291714841499924660e-03
2.486616373062133789e-03
6.083446554839611053e-03
1.323073450475931168e-02
2.746567770373076200e-04
9.791533946990966797e-01
1.024811994284391403e-03
6.660588085651397705e-03
3.965451382100582123e-03
3.280424326658248901e-02
1.076460815966129303e-03
2.345855161547660828e-02
4.635148216038942337e-03
6.079408340156078339e-04
3.275115450378507376e-04
1.482273073634132743e-04
6.618250627070665359e-03
2.850185381248593330e-03
3.555071889422833920e-04
6.695492629660293460e-05
1.646039634943008423e-01
5.501956120133399963e-02
1.189716509543359280e-03
4.500427749007940292e-03
9.781065396964550018e-03
2.129168424289673567e-04
1.326104700565338135e-01
3.489864058792591095e-03
1.985914539545774460e-03
2.749153971672058105e-02
4.817419685423374176e-04
1.213020761497318745e-03
1.216031261719763279e-03
6.551742553710937500e-01
1.076460815966129303e-03
4.805384669452905655e-03
7.331753373146057129e-01
1.192226307466626167e-03
2.511670172680169344e-04
9.342419505119323730e-01
1.910555147333070636e-05
3.677488130051642656e-04
5.699805333279073238e-04
8.922224044799804688e-01
3.504335181787610054e-03
3.698896244168281555e-02
3.224747953936457634e-03
6.616850441787391901e-05
2.278047241270542145e-02
4.663044819608330727e-04
1.244917046278715134e-03
4.402022343128919601e-03
3.431520599406212568e-05
5.473662540316581726e-02
4.591396282194182277e-05
5.617826245725154877e-03
5.584233440458774567e-04
3.162516441079787910e-05
3.394685336388647556e-04
1.291012275032699108e-03
