8.342732787132263184e-01 1.751064788550138474e-03 6.550364941358566284e-02 9.140130132436752319e-03 2.754000388085842133e-02 7.047382183372974396e-03 5.474452674388885498e-02
6.340804509818553925e-03 9.969460079446434975e-04 1.583726517856121063e-02 6.650755405426025391e-01 9.569102548994123936e-04 2.666302621364593506e-01 4.416223615407943726e-02
2.793620515149086714e-04 4.460896889213472605e-05 9.650674473959952593e-05 8.690094947814941406e-01 3.037021087948232889e-04 4.039330815430730581e-04 1.298623085021972656e-01
2.409433573484420776e-02 1.097284024581313133e-03 1.646680682897567749e-01 5.988383293151855469e-02 5.432415753602981567e-03 4.166085720062255859e-01 3.282154798507690430e-01
1.729631796479225159e-02 8.254552958533167839e-04 9.642210789024829865e-03 8.236496895551681519e-02 3.323893621563911438e-02 3.455948084592819214e-02 8.220726251602172852e-01
1.549686072394251823e-03 1.717523991828784347e-05 3.384292649570852518e-04 2.271683188155293465e-03 1.611404702998697758e-03 2.346387336729094386e-04 9.939769506454467773e-01
5.550929810851812363e-03 1.162501517683267593e-03 1.996746659278869629e-02 1.569140702486038208e-01 2.874715998768806458e-02 1.747081428766250610e-01 6.129497289657592773e-01
1.291714841499924660e-03 3.921784445992670953e-05 1.336687593720853329e-03 9.735197760164737701e-03 6.583060603588819504e-04 1.038018614053726196e-03 9.859009385108947754e-01
3.768741953535936773e-05 9.999255780712701380e-06 2.403102371317800134e-05 9.998385906219482422e-01 2.512351056793704629e-05 3.890615334967151284e-05 2.561685323598794639e-05
3.292523979325778782e-05 8.172481102519668639e-06 2.111167668772395700e-05 9.998644590377807617e-01 1.995720049308147281e-05 3.392261351109482348e-05 1.947957753145601600e-05
2.025059657171368599e-04 9.063252946361899376e-05 3.021444717887789011e-04 9.624424576759338379e-01 1.180957886390388012e-03 1.763750915415585041e-03 3.401754796504974365e-02
5.050654290243983269e-04 6.227670382941141725e-05 2.049417089438065886e-04 4.266381561756134033e-01 4.013712168671190739e-04 3.437632694840431213e-03 5.687505602836608887e-01
2.036853402387350798e-05 6.330147243716055527e-06 9.571043847245164216e-06 9.998723268508911133e-01 2.772848165477626026e-05 1.399224129272624850e-05 4.968824214302003384e-05
2.001228131121024489e-04 1.073649582394864410e-05 2.121930301655083895e-04 6.671994458884000778e-03 1.462558982893824577e-03 1.718820858513936400e-04 9.912705421447753906e-01
5.977171938866376877e-03 7.830139948055148125e-04 7.293403614312410355e-03 5.909474492073059082e-01 3.837876766920089722e-02 1.066042669117450714e-02 3.459597229957580566e-01
1.164571009576320648e-02 9.347480954602360725e-05 9.463661699555814266e-04 3.750601410865783691e-02 1.444152556359767914e-03 6.400283309631049633e-04 9.477241635322570801e-01
1.925612683407962322e-03 9.168886754196137190e-05 8.902984857559204102e-02 6.074136472307145596e-04 2.669786044862121344e-04 9.000193476676940918e-01 8.059127256274223328e-03
5.651918239891529083e-03 3.349137550685554743e-04 1.115254033356904984e-02 7.530456781387329102e-01 1.302863936871290207e-03 1.147493254393339157e-02 2.170371413230895996e-01
6.083446554839611053e-03 2.908120804931968451e-04 1.678274869918823242e-01 1.226245611906051636e-02 1.534465351141989231e-03 3.426440656185150146e-01 4.693572521209716797e-01
2.720854012295603752e-03 3.397658292669802904e-04 3.075453452765941620e-03 1.069045066833496094e-01 7.942295633256435394e-03 1.974789798259735107e-02 8.592692017555236816e-01
3.215309930965304375e-03 1.779776357579976320e-04 7.415534555912017822e-02 7.641732809133827686e-04 8.366186521016061306e-04 9.184197187423706055e-01 2.430731896311044693e-03
3.469902556389570236e-03 3.039961156900972128e-04 5.670924438163638115e-04 1.698461771011352539e-01 2.296128422021865845e-01 1.081347232684493065e-03 5.951186418533325195e-01
7.180714746937155724e-04 1.591701220604591072e-05 7.856995798647403717e-04 6.853189785033464432e-03 1.444842899218201637e-03 1.711953227641060948e-04 9.900111556053161621e-01
1.004240824840962887e-03 2.378634417254943401e-05 1.670166500844061375e-03 5.125725292600691319e-04 3.880681470036506653e-02 4.570951859932392836e-04 9.575253725051879883e-01
1.294031622819602489e-03 9.319542732555419207e-05 9.255809127353131771e-04 6.911181211471557617e-01 7.209614268504083157e-04 5.709216929972171783e-04 3.052771985530853271e-01
2.515288178983610123e-05 6.322291028482140973e-06 1.678311491559725255e-05 9.998903274536132812e-01 1.535094634164124727e-05 2.655840580700896680e-05 1.946964584931265563e-05
4.067613277584314346e-03 1.709045682218857110e-05 3.988139214925467968e-04 7.658202084712684155e-04 2.139616524800658226e-03 2.450798929203301668e-04 9.923658967018127441e-01
2.828564122319221497e-02 1.348025747574865818e-03 4.586770534515380859e-01 1.175017934292554855e-02 6.093103438615798950e-02 3.849130570888519287e-01 5.409504473209381104e-02
1.485419634263962507e-04 4.784265547641552985e-05 2.865673042833805084e-02 6.717215728713199496e-05 2.441765172989107668e-05 9.710232615470886230e-01 3.211367220501415431e-05
5.144775845110416412e-03 3.851307556033134460e-04 1.099708140827715397e-03 8.099277615547180176e-01 6.893093232065439224e-03 2.452678745612502098e-03 1.740968525409698486e-01
5.591373443603515625e-01 6.384954322129487991e-04 4.647856578230857849e-03 4.312347993254661560e-02 1.667651697061955929e-03 1.093612331897020340e-02 3.798490762710571289e-01
1.551390974782407284e-03 1.241799909621477127e-04 8.173339068889617920e-03 2.126650139689445496e-02 5.352630745619535446e-03 5.771696567535400391e-03 9.577602148056030273e-01
1.323073450475931168e-02 2.185328048653900623e-04 1.897137379273772240e-03 3.473898768424987793e-02 1.450249576009809971e-03 2.322552725672721863e-02 9.252389073371887207e-01
4.237949906382709742e-04 3.486053901724517345e-05 1.864618679974228144e-04 8.623538166284561157e-02 1.712458906695246696e-03 7.026318344287574291e-04 9.107043743133544922e-01
3.198502119630575180e-03 4.164037090959027410e-05 9.472836973145604134e-05 1.142552960664033890e-02 1.885408302769064903e-03 4.480753268580883741e-04 9.829061031341552734e-01
4.656657984014600515e-05 8.162465746863745153e-06 1.583093035151250660e-05 9.998608827590942383e-01 1.909531056298874319e-05 2.687229061848483980e-05 2.251997648272663355e-05
3.967701923102140427e-03 2.670520916581153870e-04 7.631301414221525192e-04 5.220004916191101074e-01 1.086705829948186874e-03 9.300212375819683075e-03 4.626147449016571045e-01
1.830237917602062225e-03 1.754611148498952389e-04 3.943145566154271364e-04 8.907826542854309082e-01 4.666143213398754597e-04 6.146598607301712036e-03 1.002040877938270569e-01
2.979357959702610970e-03 2.494195650797337294e-04 5.102579593658447266e-01 2.836418570950627327e-03 2.002788940444588661e-03 4.668219983577728271e-01 1.485206373035907745e-02
1.792448107153177261e-03 2.384021063335239887e-04 5.130564095452427864e-04 5.262182354927062988e-01 1.698806183412671089e-03 5.763837601989507675e-03 4.637751877307891846e-01
4.113247632631100714e-05 8.302172318508382887e-06 1.559590600663796067e-05 9.998677968978881836e-01 1.736616650305222720e-05 2.901451080106198788e-05 2.081987258861772716e-05
4.955349490046501160e-03 8.816657937131822109e-04 1.013110764324665070e-02 4.249696731567382812e-01 4.541352682281285524e-04 5.486824512481689453e-01 9.925642982125282288e-03
1.104611874325200915e-04 5.461999535327777267e-06 5.185345071367919445e-05 4.861778579652309418e-03 4.563732654787600040e-04 1.883448421722277999e-04 9.943258166313171387e-01
2.940170816145837307e-04 1.397778942191507667e-05 1.640215486986562610e-04 1.842627301812171936e-02 1.876131136668846011e-04 5.537781398743391037e-04 9.803604483604431152e-01
3.234964795410633087e-03 5.710379336960613728e-04 3.943872172385454178e-03 3.444518148899078369e-01 5.531043186783790588e-02 7.342838216572999954e-03 5.851449966430664062e-01
3.642214694991707802e-03 1.231145724887028337e-04 3.952306695282459259e-03 1.954564601182937622e-01 2.100558253005146980e-03 7.840447942726314068e-04 7.939412593841552734e-01
2.826355397701263428e-01 4.945446271449327469e-04 1.630290178582072258e-03 4.969532135874032974e-03 3.676039166748523712e-03 1.027513667941093445e-02 6.963188648223876953e-01
9.188374131917953491e-02 9.424498421140015125e-04 5.513331294059753418e-02 2.447203360497951508e-02 5.696656927466392517e-02 2.468970231711864471e-02 7.459122538566589355e-01
3.151098499074578285e-03 7.928000995889306068e-04 4.041127115488052368e-02 7.597128748893737793e-01 6.906762719154357910e-03 4.961721971631050110e-02 1.394080519676208496e-01
1.678007468581199646e-02 1.074556144885718822e-03 6.254727840423583984e-01 1.676029339432716370e-02 8.864561468362808228e-02 1.091984808444976807e-01 1.420681774616241455e-01
2.773868851363658905e-03 2.292312274221330881e-05 4.187370650470256805e-04 3.397715976461768150e-03 7.127404678612947464e-04 3.419932327233254910e-04 9.923319816589355469e-01
1.720503531396389008e-02 8.679146994836628437e-04 4.486606419086456299e-01 6.082848645746707916e-03 3.138533607125282288e-02 4.131413102149963379e-01 8.265692740678787231e-02
8.897222280502319336e-01 4.201974254101514816e-03 4.011293873190879822e-03 2.454893663525581360e-02 2.385462820529937744e-02 4.159305244684219360e-02 1.206785440444946289e-02
3.027921542525291443e-02 1.313045737333595753e-03 2.856864593923091888e-02 9.790264070034027100e-02 4.224007204174995422e-02 6.353447586297988892e-02 7.361618876457214355e-01
2.746567770373076200e-04 8.351779251825064421e-05 5.784609820693731308e-04 4.219916164875030518e-01 2.204878255724906921e-03 6.735018105246126652e-04 5.741934776306152344e-01
2.862271387130022049e-03 3.768415190279483795e-04 8.780331118032336235e-04 8.114113658666610718e-02 6.948205828666687012e-01 1.033588196150958538e-03 2.188875377178192139e-01
1.561081851832568645e-03 5.924551442149095237e-05 6.158552714623510838e-04 2.653262112289667130e-03 4.722802340984344482e-02 9.755827486515045166e-04 9.469068646430969238e-01
2.591015025973320007e-02 7.752324017928913236e-05 4.615841899067163467e-04 5.520531558431684971e-04 9.028433123603463173e-04 5.880948156118392944e-03 9.662150144577026367e-01
3.300060052424669266e-03 3.557514573913067579e-04 6.704831123352050781e-01 1.500722393393516541e-02 2.765942132100462914e-03 2.229555994272232056e-01 8.513227850198745728e-02
1.139245368540287018e-02 2.947850734926760197e-04 1.007128506898880005e-02 5.076260771602392197e-03 1.961492449045181274e-01 3.437558421865105629e-03 7.735783457756042480e-01
2.530198916792869568e-02 6.821543211117386818e-04 6.040098667144775391e-01 1.159197930246591568e-02 4.148851707577705383e-02 6.081564724445343018e-02 2.561098337173461914e-01
4.790585488080978394e-02 3.669344354420900345e-03 2.189569920301437378e-02 2.778315544128417969e-01 2.605502307415008545e-01 1.454607695341110229e-01 2.426865547895431519e-01
2.333893999457359314e-02 3.887146594934165478e-04 1.693138331174850464e-01 2.632059389725327492e-03 1.263258513063192368e-03 7.546815872192382812e-01 4.838163033127784729e-02
8.150807116180658340e-04 1.232018075825180858e-05 1.907338155433535576e-04 9.921065066009759903e-04 5.206556525081396103e-04 8.092685020528733730e-04 9.966598749160766602e-01
8.157011121511459351e-03 1.254926901310682297e-04 3.517397120594978333e-02 1.273988629691302776e-03 6.382016092538833618e-02 2.640645718201994896e-03 8.888087272644042969e-01
4.381578182801604271e-04 6.800713890697807074e-05 2.558917179703712463e-02 4.173318448010832071e-04 2.263163187308236957e-04 9.726349711418151855e-01 6.260252557694911957e-04
5.219591548666357994e-05 7.694347004871815443e-06 1.476713805459439754e-05 9.998624324798583984e-01 1.821704427129589021e-05 2.332291842321865261e-05 2.139306889148429036e-05
1.947935670614242554e-04 9.958208465832285583e-06 6.729651795467361808e-05 1.320134475827217102e-02 1.482745137764140964e-04 1.182815874926745892e-03 9.851955175399780273e-01
1.978375017642974854e-02 2.917515521403402090e-04 1.852544664870947599e-04 7.755562663078308105e-01 5.946143064647912979e-04 2.444041892886161804e-03 2.011443078517913818e-01
1.024811994284391403e-03 1.852850109571591020e-04 5.399795481935143471e-04 3.905074298381805420e-01 6.431304663419723511e-02 3.638818161562085152e-04 5.430654883384704590e-01
5.443978309631347656e-01 3.998049069195985794e-04 2.717080758884549141e-03 1.561831217259168625e-03 1.840006094425916672e-03 1.192173548042774200e-02 4.371617138385772705e-01
1.523793558590114117e-03 6.964754429645836353e-04 8.657534606754779816e-03 6.532514095306396484e-02 1.767370966263115406e-03 8.452882766723632812e-01 7.674137502908706665e-02
9.856912307441234589e-03 1.132517121732234955e-03 9.889462590217590332e-02 4.267143551260232925e-03 7.421073913574218750e-01 3.937723860144615173e-02 1.043642237782478333e-01
5.261482670903205872e-03 3.161648055538535118e-04 6.292865872383117676e-01 3.359792754054069519e-03 4.366650246083736420e-03 3.056697547435760498e-01 5.173964053392410278e-02
5.697593442164361477e-04 5.806270564789883792e-05 2.223384508397430182e-04 5.156218409538269043e-01 5.912007763981819153e-04 4.997727228328585625e-04 4.824371039867401123e-01
1.702671754173934460e-03 1.480649661971256137e-04 7.957652956247329712e-02 8.781855576671659946e-04 5.813481402583420277e-04 9.139226078987121582e-01 3.190513234585523605e-03
1.097314991056919098e-02 7.137143984436988831e-04 1.629066467285156250e-02 1.168977245688438416e-01 2.845926501322537661e-04 8.410859107971191406e-01 1.375426072627305984e-02
1.539749559015035629e-02 2.461734984535723925e-04 2.463634882587939501e-04 1.661672890186309814e-01 4.563083406537771225e-03 1.021644566208124161e-03 8.123579621315002441e-01
2.507383214833680540e-05 6.313038738881004974e-06 1.512765084044076502e-05 9.998925924301147461e-01 1.904382952488958836e-05 2.132195550075266510e-05 2.053307071037124842e-05
2.622446417808532715e-02 6.847848999314010143e-04 3.283506957814097404e-03 7.040273547172546387e-01 1.165807479992508888e-03 3.351743891835212708e-02 2.310966402292251587e-01
4.064307212829589844e-01 3.415184037294238806e-04 7.253626827150583267e-04 1.040645525790750980e-03 1.026907353661954403e-03 2.107726968824863434e-02 5.693575739860534668e-01
7.960634231567382812e-01 1.859075564425438643e-04 5.506284651346504688e-04 5.452908808365464211e-04 1.867082784883677959e-03 2.289180876687169075e-03 1.984984278678894043e-01
6.594170699827373028e-04 7.829412788851186633e-05 4.129520675633102655e-04 4.115026295185089111e-01 1.423762994818389416e-03 6.125663639977574348e-04 5.853103995323181152e-01
7.511297613382339478e-02 4.472037544474005699e-04 4.086742643266916275e-03 1.319971028715372086e-02 5.279484018683433533e-02 4.067373927682638168e-03 8.502910733222961426e-01
7.659802795387804508e-04 1.766910827427636832e-05 5.242378101684153080e-04 7.851038826629519463e-04 1.519585866481065750e-02 3.751193871721625328e-04 9.823359847068786621e-01
1.003602705895900726e-02 6.378309917636215687e-04 6.450576782226562500e-01 4.953451454639434814e-03 1.729870773851871490e-02 3.075526654720306396e-01 1.446359883993864059e-02
2.721913391724228859e-03 4.525769618339836597e-04 3.753769677132368088e-03 8.561925292015075684e-01 6.776225054636597633e-04 8.560898154973983765e-02 5.059263855218887329e-02
5.624723271466791630e-04 8.578556298743933439e-05 2.463440597057342529e-02 9.192776633426547050e-04 1.485812244936823845e-04 9.721297621726989746e-01 1.519642304629087448e-03
6.556443870067596436e-03 2.739070914685726166e-04 1.734864860773086548e-01 1.338646281510591507e-03 2.903389278799295425e-03 7.888585329055786133e-01 2.658258751034736633e-02
6.660588085651397705e-03 8.770219865255057812e-04 2.359436638653278351e-02 4.968878999352455139e-02 5.488213151693344116e-02 1.106830909848213196e-01 7.536140084266662598e-01
3.965451382100582123e-03 1.556218368932604790e-03 1.162922605872154236e-01 6.014744043350219727e-01 2.079042047262191772e-01 9.258874692022800446e-03 5.954867601394653320e-02
1.574692199937999249e-03 9.435713764105457813e-06 1.326904894085600972e-04 1.296364935114979744e-03 3.381927672307938337e-04 2.214717242168262601e-04 9.964271187782287598e-01
2.933405630756169558e-05 7.044726771709974855e-06 2.000195308937691152e-05 9.998698234558105469e-01 2.112129368470050395e-05 2.699059768929146230e-05 2.561371729825623333e-05
4.827407246921211481e-05 1.380220055580139160e-05 1.361605609417892992e-05 9.996891021728515625e-01 3.599302362999878824e-05 4.257816181052476168e-05 1.566219143569469452e-04
4.122318568988703191e-05 7.702396942477207631e-06 1.419535783497849479e-05 9.998743534088134766e-01 1.657155735301785171e-05 2.666299405973404646e-05 1.934872307174373418e-05
1.036201696842908859e-02 7.530268630944192410e-04 9.392081759870052338e-03 3.337163850665092468e-02 2.449244260787963867e-01 1.441605295985937119e-02 6.867807507514953613e-01
2.234318405389785767e-01 1.708934432826936245e-03 1.385411173105239868e-01 2.518213167786598206e-02 6.492479704320430756e-03 1.493643522262573242e-01 4.552790820598602295e-01
9.964968077838420868e-03 5.104708252474665642e-04 1.801613601855933666e-03 2.074717134237289429e-01 5.114536732435226440e-03 3.067885339260101318e-02 7.444578409194946289e-01
5.123471491970121861e-04 6.365278750308789313e-06 1.462523650843650103e-04 1.738502644002437592e-03 3.026029735337942839e-04 1.685801253188401461e-04 9.971254467964172363e-01
3.280424326658248901e-02 1.484918408095836639e-03 3.535156846046447754e-01 3.773824870586395264e-02 5.028451234102249146e-02 2.108003497123718262e-01 3.133720457553863525e-01
3.722152323462069035e-04 3.650012877187691629e-05 1.747859205352142453e-04 2.059228271245956421e-01 8.905121358111500740e-04 3.827536420430988073e-04 7.922204136848449707e-01
6.500086747109889984e-04 1.219957630382850766e-04 3.074232372455298901e-04 8.247210979461669922e-01 6.071978714317083359e-03 2.469953615218400955e-04 1.678804904222488403e-01
1.042066025547683239e-03 2.234602106909733266e-05 2.068128815153613687e-04 1.431227847933769226e-02 6.369206821545958519e-04 4.326406342443078756e-04 9.833469390869140625e-01
2.220361726358532906e-03 1.750367373460903764e-04 2.238098531961441040e-04 9.942021965980529785e-01 1.721605891361832619e-03 3.819873672910034657e-04 1.074946834705770016e-03
6.369614508002996445e-03 7.188057643361389637e-04 1.431457884609699249e-02 6.529604643583297729e-02 2.122910320758819580e-01 1.248732116073369980e-02 6.885225772857666016e-01
1.235277508385479450e-03 2.069379261229187250e-04 2.681874670088291168e-03 9.230536222457885742e-01 2.938078949227929115e-03 2.206491772085428238e-03 6.767773628234863281e-02
9.431662969291210175e-03 3.732763580046594143e-04 4.745101332664489746e-01 3.437886247411370277e-03 2.711447421461343765e-03 4.938927888870239258e-01 1.564284600317478180e-02
1.063487216015346348e-04 3.040510364371584728e-06 4.501782314036972821e-05 1.475071534514427185e-03 1.175073339254595339e-04 3.989490214735269547e-04 9.978540539741516113e-01
2.092937007546424866e-03 1.503947860328480601e-04 3.867367282509803772e-02 1.844772021286189556e-03 2.408790169283747673e-04 9.523822069168090820e-01 4.615124780684709549e-03
8.810923318378627300e-04 1.138072693720459938e-04 9.658486247062683105e-01 1.047156169079244137e-03 2.145209815353155136e-03 2.924472279846668243e-02 7.194068748503923416e-04
5.575358401983976364e-03 3.022550081368535757e-04 4.141010940074920654e-01 2.465386176481842995e-03 1.765569150447845459e-01 7.343652658164501190e-03 3.936554193496704102e-01
6.846282631158828735e-02 1.381960115395486355e-03 2.284376509487628937e-02 1.823574304580688477e-01 6.658307462930679321e-02 1.388726662844419479e-02 6.444836854934692383e-01
3.460115753114223480e-03 8.694540883880108595e-05 1.405324228107929230e-02 1.946489675901830196e-03 3.415832296013832092e-02 2.065693726763129234e-03 9.442292451858520508e-01
4.866073504672385752e-05 8.804218850855249912e-06 1.589583371242042631e-05 9.997923970222473145e-01 2.187952668464276940e-05 3.347154051880352199e-05 7.884412480052560568e-05
7.386359357042238116e-05 3.953184568672440946e-05 4.347418993711471558e-02 9.422804578207433224e-05 2.899690480262506753e-05 9.562416672706604004e-01 4.750960943056270480e-05
2.345855161547660828e-02 4.234019143041223288e-04 4.706563428044319153e-03 6.908914074301719666e-03 2.217599302530288696e-01 3.125050105154514313e-03 7.396175861358642578e-01
3.787775058299303055e-03 1.070318903657607734e-04 2.228362485766410828e-02 8.989702910184860229e-02 2.687772037461400032e-03 6.860622088424861431e-04 8.805506229400634766e-01
4.635148216038942337e-03 9.720752132125198841e-05 8.244452765211462975e-04 2.942691743373870850e-02 1.963543007150292397e-03 1.348160440102219582e-03 9.617046117782592773e-01
6.079408340156078339e-04 2.014866622630506754e-04 1.821008860133588314e-03 8.659936189651489258e-01 7.346097845584154129e-04 3.038644418120384216e-02 1.002548784017562866e-01
5.946845631115138531e-04 1.599740207893773913e-04 1.002640696242451668e-03 3.748948220163583755e-03 3.232402377761900425e-04 9.796939492225646973e-01 1.447658240795135498e-02
2.469273982569575310e-03 1.553434703964740038e-04 1.101530273444950581e-03 1.458122581243515015e-02 1.741759851574897766e-02 8.363657630980014801e-03 9.559115171432495117e-01
3.090500104008242488e-05 7.950644430820830166e-06 1.700876964605413377e-05 9.998784065246582031e-01 1.879900082712993026e-05 2.942450009868480265e-05 1.738595528877340257e-05
5.205444991588592529e-03 1.290828804485499859e-04 2.677307231351733208e-03 9.368563070893287659e-03 1.619381085038185120e-02 3.089884063228964806e-03 9.633358120918273926e-01
1.135319005697965622e-03 1.937150773301254958e-05 4.522164817899465561e-04 4.985830280929803848e-03 9.063921752385795116e-04 3.205874236300587654e-04 9.921803474426269531e-01
1.225253567099571228e-03 1.601491239853203297e-04 2.105115680024027824e-03 5.521436929702758789e-01 2.676161704584956169e-03 1.316406996920704842e-03 4.403731822967529297e-01
3.032624954357743263e-03 2.195284760091453791e-04 2.055175835266709328e-03 2.574925310909748077e-03 9.353007674217224121e-01 9.495495469309389591e-04 5.586739256978034973e-02
4.688762128353118896e-02 2.011915901675820351e-03 2.608853280544281006e-01 4.347640275955200195e-02 5.587055534124374390e-02 3.814295232295989990e-01 2.094386667013168335e-01
1.159323146566748619e-03 3.706403367687016726e-04 2.323176013305783272e-03 8.166116476058959961e-01 1.053067506290972233e-03 7.511971890926361084e-02 1.033624708652496338e-01
9.118625894188880920e-04 1.434350560884922743e-04 3.029621439054608345e-03 2.792395949363708496e-01 2.088426146656274796e-03 8.999246172606945038e-03 7.055877447128295898e-01
1.589713974681217223e-05 5.181007509236223996e-06 9.879940989776514471e-06 9.999126195907592773e-01 2.350235990888904780e-05 1.381008041789755225e-05 1.917454937938600779e-05
2.196988649666309357e-02 3.181678184773772955e-04 1.814255607314407825e-03 1.117584109306335449e-01 1.092678867280483246e-02 1.720737316645681858e-03 8.514918088912963867e-01
2.699449360370635986e-01 1.188194612041115761e-03 3.928189165890216827e-03 1.718285828828811646e-01 1.598912663757801056e-02 6.824766751378774643e-03 5.302962064743041992e-01
5.638436879962682724e-03 1.260093704331666231e-04 2.233781386166810989e-03 3.044634163379669189e-01 6.794503424316644669e-04 1.020346535369753838e-03 6.858385801315307617e-01
5.767429829575121403e-04 1.005479643936268985e-04 2.875673817470669746e-04 4.432481527328491211e-01 1.775937154889106750e-02 2.332316653337329626e-04 5.377943515777587891e-01
1.415164619684219360e-01 9.168883552774786949e-04 2.149000018835067749e-01 2.793564926832914352e-03 6.321093067526817322e-03 5.912141799926757812e-01 4.233777523040771484e-02
1.154192141257226467e-03 1.591188629390671849e-04 2.754590846598148346e-02 2.734674606472253799e-03 4.509644641075283289e-04 9.494982361793518066e-01 1.845685392618179321e-02
7.524798274971544743e-04 2.407658757874742150e-05 1.574732159497216344e-04 9.921638295054435730e-03 4.561021341942250729e-04 1.044242293573915958e-03 9.876438975334167480e-01
2.885109643102623522e-05 7.630816071468871087e-06 1.829617758630774915e-05 9.998654127120971680e-01 2.387937638559378684e-05 2.701115590753033757e-05 2.886898619181010872e-05
1.482273073634132743e-04 1.370328936900477856e-05 5.893230627407319844e-05 1.176479924470186234e-02 1.395897939801216125e-03 2.956335083581507206e-04 9.863227605819702148e-01
2.681739162653684616e-03 5.293277208693325520e-04 4.008901119232177734e-02 1.310411989688873291e-01 1.179003971628844738e-03 5.647698044776916504e-01 2.597099244594573975e-01
2.783567644655704498e-03 2.659438468981534243e-04 5.696304142475128174e-04 4.921137392520904541e-01 1.741136237978935242e-02 1.107322284951806068e-03 4.857483804225921631e-01
9.728602170944213867e-01 5.854744813404977322e-04 4.605245310813188553e-03 6.390722701326012611e-04 1.590299047529697418e-02 1.201345352455973625e-03 4.205574281513690948e-03
6.618250627070665359e-03 1.032374333590269089e-03 4.033525288105010986e-02 2.095827609300613403e-01 1.187500134110450745e-01 2.015020325779914856e-02 6.035311818122863770e-01
3.521751984953880310e-02 8.171299850801005960e-05 1.298793940804898739e-03 2.483973279595375061e-03 5.280253011733293533e-03 6.164777441881597042e-04 9.550212621688842773e-01
3.755208803340792656e-03 1.506026601418852806e-04 1.077711805701255798e-01 1.201402628794312477e-03 5.640643066726624966e-04 8.756439685821533203e-01 1.091352943331003189e-02
1.169488648883998394e-03 4.212532439851202071e-05 6.296022329479455948e-04 2.253460511565208435e-02 1.307869213633239269e-03 7.307495106942951679e-04 9.735855460166931152e-01
7.268771150847896934e-05 1.118183718062937260e-05 2.586123446235433221e-05 9.997784495353698730e-01 3.200539867975749075e-05 3.389618723304010928e-05 4.595299833454191685e-05
2.410617889836430550e-03 1.049250859068706632e-04 3.665554570034146309e-03 6.745821237564086914e-02 2.597376704216003418e-03 2.064935397356748581e-03 9.216983318328857422e-01
1.147058675996959209e-03 1.034138404065743089e-04 5.065809818916022778e-04 9.081264585256576538e-02 1.622518291696906090e-03 4.087860696017742157e-03 9.017198681831359863e-01
2.850185381248593330e-03 2.684014325495809317e-04 1.010298263281583786e-03 8.717942237854003906e-01 7.059374474920332432e-04 8.472998626530170441e-03 1.148978918790817261e-01
3.449400246609002352e-04 6.697577919112518430e-05 1.883057993836700916e-04 6.337863206863403320e-01 2.551631536334753036e-03 2.763266093097627163e-04 3.627855479717254639e-01
2.628174051642417908e-02 1.064224052242934704e-03 1.411581132560968399e-02 6.973700970411300659e-02 3.336730599403381348e-02 3.726407140493392944e-02 8.181698322296142578e-01
7.929538842290639877e-04 1.617361122043803334e-04 2.633361518383026123e-02 5.789086222648620605e-03 1.275477407034486532e-04 9.661354422569274902e-01 6.595746963284909725e-04
1.736028306186199188e-02 8.809150895103812218e-04 6.731693744659423828e-01 1.367235835641622543e-02 7.249697297811508179e-02 6.643889844417572021e-02 1.559811383485794067e-01
6.569343386217951775e-04 1.008927429211325943e-04 8.843020796775817871e-01 5.665047792717814445e-04 7.363187032751739025e-04 1.132009327411651611e-01 4.362860636319965124e-04
3.788043186068534851e-02 1.050244973157532513e-04 7.592110196128487587e-04 9.150063619017601013e-03 1.579483505338430405e-03 1.993257319554686546e-03 9.485325217247009277e-01
2.353847521590068936e-04 4.474485467653721571e-05 2.816703054122626781e-04 9.971020817756652832e-01 2.514538937248289585e-04 3.570194239728152752e-04 1.727605005726218224e-03
8.029068121686577797e-04 1.382683549309149384e-04 5.655044224113225937e-04 9.783819913864135742e-01 6.051308009773492813e-04 4.026337992399930954e-03 1.547992601990699768e-02
1.811317354440689087e-01 1.156950384029187262e-04 3.989064134657382965e-04 8.163625607267022133e-04 5.335484747774899006e-04 4.935097880661487579e-03 8.120686411857604980e-01
1.412508310750126839e-03 8.729878754820674658e-05 5.544415325857698917e-04 4.424998164176940918e-02 4.463859368115663528e-04 5.720198154449462891e-03 9.475291371345520020e-01
5.482858419418334961e-02 5.790097056888043880e-04 1.500130631029605865e-03 3.373268544673919678e-01 1.807445310987532139e-03 9.390202350914478302e-03 5.945678353309631348e-01
8.087552152574062347e-03 2.382034581387415528e-04 9.932449460029602051e-02 1.586636295542120934e-03 1.045924378558993340e-03 8.676615357398986816e-01 2.205564454197883606e-02
4.986723512411117554e-02 6.267857679631561041e-05 1.659802044741809368e-03 1.424246234819293022e-03 2.402029000222682953e-03 5.715225124731659889e-04 9.440124630928039551e-01
7.124783936887979507e-03 7.940879440866410732e-04 9.962470084428787231e-02 1.541214436292648315e-02 9.440164081752300262e-03 7.127492427825927734e-01 1.548548489809036255e-01
4.555904306471347809e-03 4.983204999007284641e-04 1.543306978419423103e-03 5.626768469810485840e-01 2.403412712737917900e-03 2.592979744076728821e-02 4.023924767971038818e-01
4.735326365334913135e-05 9.485032933298498392e-06 1.826803054427728057e-05 9.998507499694824219e-01 1.725055699353106320e-05 3.715123966685496271e-05 1.969564436876680702e-05
6.695492629660293460e-05 6.416669748432468623e-06 2.013608609559014440e-04 6.421533413231372833e-03 2.338206977583467960e-04 7.078360067680478096e-04 9.923620223999023438e-01
6.165487691760063171e-03 5.844791885465383530e-04 9.280316531658172607e-02 2.275584451854228973e-02 8.299308829009532928e-04 8.629459738731384277e-01 1.391514576971530914e-02
1.110754813998937607e-02 5.361540243029594421e-04 3.449899330735206604e-02 1.756119728088378906e-02 4.673081450164318085e-03 3.555982410907745361e-01 5.760248303413391113e-01
7.052566390484571457e-03 2.180768497055396438e-04 2.415319439023733139e-03 4.237805604934692383e-01 1.835841452702879906e-03 1.875593792647123337e-03 5.628220438957214355e-01
1.956810243427753448e-02 4.058067279402166605e-04 2.350844889879226685e-01 1.259793760254979134e-03 5.064391493797302246e-01 3.603699849918484688e-03 2.336389869451522827e-01
3.527785092592239380e-02 3.332059714011847973e-04 1.967618316411972046e-01 1.681757159531116486e-03 6.944248825311660767e-02 1.128534693270921707e-02 6.852175593376159668e-01
2.990085165947675705e-03 4.594990969053469598e-05 1.266767620109021664e-03 4.510837607085704803e-03 3.483380423858761787e-03 7.320030708797276020e-04 9.869710206985473633e-01
2.379646059125661850e-03 5.570930079557001591e-04 5.435932893306016922e-03 2.067519873380661011e-01 1.143929432146251202e-03 5.791820883750915527e-01 2.045493274927139282e-01
6.900480948388576508e-04 6.744614074705168605e-05 2.815615735016763210e-04 6.524567604064941406e-01 1.014169538393616676e-03 2.756920584943145514e-04 3.452143073081970215e-01
1.622771844267845154e-03 2.297220344189554453e-04 2.537513850256800652e-03 9.482110738754272461e-01 8.415582124143838882e-04 1.209490187466144562e-02 3.446250036358833313e-02
7.884535938501358032e-02 1.058377441950142384e-03 1.814557313919067383e-01 1.413921453058719635e-02 6.408056244254112244e-03 4.291533827781677246e-01 2.889398932456970215e-01
1.266391295939683914e-02 1.311389496549963951e-04 2.719825133681297302e-02 2.630360191687941551e-03 8.703315630555152893e-03 6.958483252674341202e-03 9.417144656181335449e-01
9.099500020965933800e-04 2.046589943347498775e-04 1.521835918538272381e-03 9.401448071002960205e-02 1.071318425238132477e-02 8.831865154206752777e-03 8.838040828704833984e-01
4.762195795774459839e-02 6.944241467863321304e-04 1.317242719233036041e-02 5.965551827102899551e-03 6.153856515884399414e-01 3.325872356072068214e-03 3.138341009616851807e-01
4.923596605658531189e-02 9.828170295804738998e-04 2.558768391609191895e-01 9.953543543815612793e-03 1.352353990077972412e-01 4.253548383712768555e-02 5.061799883842468262e-01
6.596776656806468964e-03 5.460560205392539501e-04 1.291131018660962582e-03 5.216497182846069336e-01 5.133661627769470215e-02 2.909432630985975266e-03 4.156702756881713867e-01
4.056321457028388977e-03 1.994592748815193772e-04 1.138618215918540955e-02 4.630219563841819763e-02 9.372849017381668091e-03 4.586259834468364716e-03 9.240967035293579102e-01
5.421537440270185471e-03 1.491098810220137239e-04 1.282923389226198196e-02 7.850252091884613037e-03 2.892978489398956299e-02 1.756007550284266472e-03 9.430639743804931641e-01
5.561025463975965977e-04 2.663404120539780706e-05 5.569775239564478397e-04 2.262669615447521210e-03 1.481560291722416878e-03 1.742148073390126228e-03 9.933739900588989258e-01
5.195063422434031963e-04 4.045055175083689392e-05 4.709727654699236155e-04 2.278731465339660645e-01 8.679637103341519833e-04 3.524356288835406303e-04 7.698754668235778809e-01
4.504418931901454926e-03 2.098815602948889136e-04 9.981665760278701782e-03 1.597880013287067413e-02 4.139432311058044434e-02 3.774854121729731560e-03 9.241560697555541992e-01
2.200222807005047798e-03 2.474972279742360115e-04 2.337430138140916824e-03 3.565591527149081230e-03 7.814592719078063965e-01 3.136443207040429115e-03 2.070536017417907715e-01
3.568328247638419271e-05 8.746766070544254035e-06 2.305079215147998184e-05 9.998552799224853516e-01 2.391991256445180625e-05 3.090145764872431755e-05 2.231627513538114727e-05
1.455591875128448009e-03 1.475251883675809950e-05 1.829211105359718204e-04 1.223971368744969368e-03 9.146312368102371693e-05 2.552792197093367577e-03 9.944784641265869141e-01
2.966891741380095482e-03 2.311322750756517053e-04 3.235675685573369265e-04 7.472653388977050781e-01 2.335976809263229370e-03 3.274788148701190948e-03 2.436022758483886719e-01
2.888723975047469139e-03 5.087462486699223518e-04 8.653525114059448242e-01 3.260265104472637177e-03 3.611965477466583252e-02 8.584086596965789795e-02 6.029225420206785202e-03
1.487915869802236557e-03 1.888675069494638592e-05 3.561876292224042118e-05 6.182908080518245697e-03 1.942452625371515751e-03 1.696884137345477939e-04 9.901624917984008789e-01
3.948183730244636536e-03 2.959977427963167429e-04 8.173939585685729980e-02 1.190585433505475521e-03 4.709051921963691711e-03 9.009292125701904297e-01 7.187506649643182755e-03
3.374865278601646423e-03 1.508883433416485786e-04 2.004818292334675789e-03 1.471188217401504517e-01 1.513024675659835339e-03 3.021418349817395210e-03 8.428161144256591797e-01
9.267068235203623772e-04 1.792987495718989521e-05 2.409547159913927317e-04 5.695644300431013107e-03 9.748131851665675640e-04 3.087049408350139856e-04 9.918353557586669922e-01
1.189716509543359280e-03 1.098380380426533520e-04 1.694678940111771226e-04 4.951820373535156250e-01 2.729997038841247559e-03 4.312084347475320101e-04 5.001876950263977051e-01
9.002725593745708466e-03 3.642767114797607064e-05 4.265366005711257458e-04 2.577432896941900253e-03 1.120191416703164577e-03 5.994551465846598148e-04 9.862372875213623047e-01
1.415306935086846352e-03 2.340493665542453527e-04 5.510540795512497425e-04 6.323738098144531250e-01 1.360255642794072628e-03 8.223886601626873016e-03 3.558415770530700684e-01
3.526393629726953804e-05 8.396464181714691222e-06 1.581488140800502151e-05 9.998688697814941406e-01 2.069721267616841942e-05 2.632340510899666697e-05 2.469506398483645171e-05
3.723296686075627804e-05 8.658190381538588554e-06 1.612091364222578704e-05 9.998642206192016602e-01 1.834640897868666798e-05 2.806364500429481268e-05 2.733606561378110200e-05
4.500427749007940292e-03 1.972684694919735193e-04 3.643929027020931244e-03 3.414374077692627907e-03 2.498035728931427002e-01 3.156177932396531105e-03 7.352842688560485840e-01
3.803404746577143669e-03 3.095791616942733526e-04 4.159440100193023682e-02 2.303080866113305092e-03 2.180908340960741043e-03 9.391557574272155762e-01 1.065294444561004639e-02
9.781065396964550018e-03 9.623974910937249660e-04 4.998024404048919678e-01 2.417434193193912506e-02 7.938434183597564697e-02 1.427227258682250977e-01 2.431727498769760132e-01
1.610681880265474319e-03 4.119921504752710462e-05 3.816599783021956682e-04 1.457292819395661354e-03 6.520051509141921997e-02 7.335842819884419441e-04 9.305751323699951172e-01
3.046985249966382980e-03 2.631747920531779528e-04 5.632769316434860229e-04 2.290319949388504028e-01 1.547208987176418304e-03 1.420625951141119003e-02 7.513411045074462891e-01
2.052365103736519814e-03 7.824001368135213852e-04 4.698145668953657150e-03 6.445826962590217590e-03 7.313014473766088486e-03 8.973921537399291992e-01 8.131606876850128174e-02
2.014082670211791992e-02 7.146677817218005657e-04 1.757496781647205353e-02 8.334112912416458130e-02 3.283818438649177551e-02 1.241875067353248596e-02 8.329715132713317871e-01
1.157623343169689178e-02 6.465453770942986012e-04 5.480842292308807373e-02 4.545294214040040970e-03 1.322503201663494110e-02 8.868381977081298828e-01 2.836022153496742249e-02
1.942251459695398808e-03 5.398328721639700234e-05 6.967237684875726700e-03 1.038818038068711758e-03 6.437278538942337036e-02 1.011050771921873093e-03 9.246138334274291992e-01
7.885267026722431183e-03 7.778372382745146751e-04 3.443909808993339539e-02 1.698278337717056274e-01 4.457785398699343204e-04 7.757500410079956055e-01 1.087411493062973022e-02
6.857776548713445663e-03 2.900508989114314318e-04 5.064076185226440430e-02 1.009239349514245987e-03 2.645199652761220932e-03 9.267898201942443848e-01 1.176723930984735489e-02
3.253087867051362991e-03 7.908045663498342037e-04 3.243644535541534424e-02 2.678735256195068359e-01 1.776090706698596478e-03 6.447244882583618164e-01 4.914565384387969971e-02
1.759550468705128878e-05 5.362007414078107104e-06 9.495140147919300944e-06 9.999201297760009766e-01 1.247474756382871419e-05 2.142654375347774476e-05 1.348265686829108745e-05
4.991830064682289958e-05 2.526238131395075470e-05 1.999286562204360962e-02 3.897991336998529732e-05 1.168628114101011306e-05 9.798588752746582031e-01 2.247521297249477357e-05
2.805139403790235519e-03 9.795427467906847596e-05 7.400125032290816307e-04 4.138506017625331879e-03 1.226534172892570496e-01 1.060690847225487232e-03 8.685041666030883789e-01
2.491259328962769359e-05 6.328194558591349050e-06 1.591213003848679364e-05 9.998909235000610352e-01 1.916674955282360315e-05 2.124782986356876791e-05 2.150782893295399845e-05
4.302946384996175766e-03 1.157848513685166836e-03 3.884095326066017151e-02 5.037856101989746094e-01 5.950876697897911072e-02 4.286816716194152832e-02 3.495356738567352295e-01
9.931782484054565430e-01 3.455287078395485878e-04 2.309535397216677666e-03 4.029264964628964663e-04 3.126834286376833916e-03 2.562433364801108837e-04 3.806556342169642448e-04
3.343544900417327881e-03 2.067152818199247122e-04 8.138795965351164341e-04 6.841216087341308594e-01 5.003951489925384521e-03 1.034495071507990360e-03 3.054758012294769287e-01
6.936226272955536842e-04 1.002938588499091566e-04 1.830218359827995300e-02 9.978968882933259010e-04 3.478512808214873075e-04 9.707049727439880371e-01 8.853060193359851837e-03
4.133547656238079071e-03 5.289232940413057804e-04 5.357665568590164185e-02 6.421258300542831421e-02 3.763615968637168407e-04 8.746278285980224609e-01 2.544082701206207275e-03
6.770305917598307133e-04 1.964051189133897424e-04 2.948498586192727089e-03 9.433333873748779297e-01 9.470854420214891434e-04 7.349069695919752121e-03 4.454862698912620544e-02
2.729322016239166260e-01 1.384278293699026108e-03 6.261890381574630737e-02 6.712429970502853394e-02 8.433537557721138000e-03 5.791977047920227051e-02 5.295870304107666016e-01
9.307205327786505222e-04 3.889262734446674585e-04 4.150122404098510742e-03 8.855806589126586914e-01 2.296854509040713310e-03 5.653979256749153137e-02 5.011290684342384338e-02
2.713853865861892700e-02 4.291521909181028605e-04 4.866098165512084961e-01 6.222931668162345886e-03 1.494228746742010117e-02 4.744355380535125732e-02 4.172137379646301270e-01
9.894660674035549164e-03 3.510667884256690741e-04 4.888776689767837524e-03 1.374277565628290176e-02 4.433901235461235046e-02 1.747397519648075104e-02 9.093097448348999023e-01
1.877024769783020020e-02 4.883013898506760597e-04 1.008719280362129211e-01 2.428128570318222046e-02 2.890396676957607269e-02 5.959312431514263153e-03 8.207249641418457031e-01
6.701067090034484863e-03 1.911112922243773937e-04 1.154189230874180794e-03 1.754720136523246765e-02 4.135458543896675110e-02 1.846831990405917168e-03 9.312050342559814453e-01
2.260215813294053078e-03 1.053125743055716157e-04 9.504164336249232292e-04 5.116539541631937027e-03 4.277838021516799927e-02 2.533302875235676765e-03 9.462558031082153320e-01
5.163271562196314335e-04 6.764731369912624359e-05 2.171009255107492208e-04 1.130832508206367493e-01 2.547286823391914368e-02 1.871998392743989825e-04 8.604555726051330566e-01
1.552269211970269680e-03 2.117692929459735751e-04 2.367101311683654785e-01 1.743865665048360825e-03 2.054109470918774605e-03 7.530393004417419434e-01 4.688578192144632339e-03
8.054128848016262054e-04 3.824890009127557278e-04 1.914396765641868114e-03 8.228533267974853516e-01 3.850671276450157166e-02 5.346032790839672089e-03 1.301915645599365234e-01
1.326104700565338135e-01 1.170308911241590977e-03 2.163574099540710449e-02 4.900158382952213287e-03 7.778987884521484375e-01 3.944141324609518051e-03 5.784040316939353943e-02
2.086272276937961578e-02 3.346953890286386013e-04 1.000182423740625381e-02 1.115868333727121353e-03 6.267898082733154297e-01 2.239855937659740448e-03 3.386552333831787109e-01
1.072902698069810867e-03 9.532488911645486951e-05 1.194730066345073283e-04 7.781349420547485352e-01 8.307358366437256336e-04 6.587492534890770912e-04 2.190878838300704956e-01
3.489864058792591095e-03 5.913545828661881387e-05 7.912029395811259747e-04 5.730364937335252762e-03 2.537760883569717407e-03 2.262459835037589073e-03 9.851292371749877930e-01
8.221236057579517365e-04 2.517457141948398203e-05 3.936500870622694492e-04 1.355294324457645416e-02 1.000444637611508369e-03 2.979374839924275875e-04 9.839076995849609375e-01
7.250291673699393868e-05 1.619160320842638612e-05 3.063691547140479088e-04 9.334148489870131016e-05 7.417468168569030240e-06 9.994359612464904785e-01 6.819097325205802917e-05
1.159049943089485168e-02 5.903646815568208694e-04 8.675938844680786133e-01 1.854783110320568085e-02 1.505817752331495285e-02 3.977982327342033386e-02 4.683940857648849487e-02
2.196206012740731239e-03 5.381898372434079647e-04 1.417071372270584106e-02 7.871016860008239746e-01 4.527835175395011902e-03 2.313369698822498322e-02 1.683316826820373535e-01
1.985914539545774460e-03 1.892960608529392630e-05 2.629673981573432684e-04 2.724790014326572418e-03 7.292767986655235291e-04 4.273177764844149351e-04 9.938507080078125000e-01
9.579511824995279312e-04 3.284998238086700439e-04 4.498184658586978912e-03 1.877489089965820312e-01 9.211085125571116805e-05 8.046489953994750977e-01 1.725284149870276451e-03
2.749153971672058105e-02 4.185040597803890705e-04 1.258255690336227417e-01 2.093114890158176422e-03 1.727871946059167385e-03 8.075109720230102539e-01 3.493241220712661743e-02
2.291152050020173192e-04 5.031750333728268743e-05 2.391565503785386682e-04 9.652429819107055664e-01 3.354533982928842306e-04 4.534117761068046093e-04 3.344956785440444946e-02
4.100801795721054077e-02 1.301590586081147194e-03 1.018614545464515686e-01 1.468525547534227371e-02 6.048149466514587402e-01 2.214123494923114777e-02 2.141875326633453369e-01
1.885655219666659832e-03 3.157723112963140011e-04 4.124769940972328186e-03 1.946730911731719971e-01 2.740428550168871880e-03 2.985427714884281158e-02 7.664060592651367188e-01
9.899395518004894257e-04 1.820180186768993735e-04 2.801338268909603357e-04 5.826640725135803223e-01 3.065220639109611511e-02 2.924552536569535732e-04 3.849391639232635498e-01
6.093969568610191345e-05 1.160873580374754965e-05 2.293835132149979472e-05 9.998081326484680176e-01 2.408190994174219668e-05 4.080465078004635870e-05 3.148466566926799715e-05
2.313648117706179619e-03 4.016072198282927275e-04 2.824967540800571442e-02 3.992341086268424988e-02 3.678115026559680700e-04 9.240949749946594238e-01 4.648830275982618332e-03
1.407469995319843292e-02 1.689517521299421787e-03 1.011094450950622559e-01 2.719780504703521729e-01 1.494948565959930420e-01 4.979499056935310364e-02 4.118584692478179932e-01
4.817419685423374176e-04 5.608370884147007018e-06 2.045316068688407540e-04 6.274186889640986919e-04 7.351656095124781132e-04 1.467548863729462028e-04 9.977986216545104980e-01
8.770063868723809719e-04 6.609510455746203661e-05 2.815928310155868530e-04 2.844122238457202911e-02 7.624776335433125496e-04 3.568560583516955376e-03 9.660030007362365723e-01
1.235406473278999329e-02 3.428960044402629137e-04 8.945061825215816498e-03 4.139704629778862000e-03 3.125594556331634521e-01 4.289716947823762894e-03 6.573690772056579590e-01
4.683189326897263527e-04 1.755115954438224435e-05 4.745748883578926325e-04 7.829728536307811737e-03 9.416300454176962376e-04 4.485874087549746037e-04 9.898195862770080566e-01
2.582843262644018978e-05 6.174509962875163183e-06 2.382435377512592822e-05 9.998235106468200684e-01 2.741183197940699756e-05 2.418013355054426938e-05 6.910623778821900487e-05
1.093689119443297386e-03 2.328368718735873699e-04 7.419392932206392288e-04 7.121686935424804688e-01 8.241136558353900909e-03 1.716531580314040184e-03 2.758051156997680664e-01
2.489258497953414917e-01 6.356301018968224525e-04 8.227705024182796478e-03 2.300841733813285828e-02 2.137074712663888931e-03 4.787300899624824524e-02 6.691923141479492188e-01
6.025724112987518311e-03 6.451840745285153389e-04 2.831534743309020996e-01 1.515318360179662704e-02 1.461192872375249863e-02 4.119881689548492432e-01 2.684223353862762451e-01
5.106751341372728348e-03 2.106821193592622876e-04 4.155565425753593445e-02 1.159387407824397087e-03 4.382207116577774286e-04 9.469365477561950684e-01 4.592766519635915756e-03
6.115842261351644993e-04 3.812359182120417245e-06 9.836883691605180502e-05 4.951402079313993454e-04 2.954051306005567312e-04 1.097327112802304327e-04 9.983859062194824219e-01
3.117319382727146149e-02 4.934020689688622952e-04 2.507061697542667389e-03 6.414051055908203125e-01 3.528496949002146721e-03 2.217613626271486282e-03 3.186751008033752441e-01
1.837093499489128590e-03 5.891164764761924744e-04 1.088225245475769043e-01 8.906237781047821045e-02 2.228902652859687805e-03 7.671274542808532715e-01 3.033257275819778442e-02
6.058406084775924683e-03 9.503776673227548599e-04 1.388839073479175568e-02 3.881257176399230957e-01 3.971128910779953003e-02 2.688351459801197052e-02 5.243824124336242676e-01
2.226602984592318535e-03 2.181454037781804800e-04 5.014916658401489258e-01 2.166997641324996948e-03 1.580402138642966747e-03 4.878047704696655273e-01 4.511439241468906403e-03
3.316147718578577042e-03 6.786946905776858330e-04 7.466774433851242065e-03 2.677487768232822418e-02 7.237485796213150024e-02 1.280463784933090210e-01 7.613422870635986328e-01
3.401932190172374249e-04 5.953964864602312446e-05 3.262698301114141941e-04 8.296431899070739746e-01 6.530573009513318539e-04 6.428856868296861649e-04 1.683348864316940308e-01
9.960462339222431183e-03 4.324073670431971550e-04 3.119437489658594131e-03 8.677228093147277832e-01 1.049824873916804790e-03 1.127150934189558029e-02 1.064435243606567383e-01
6.653169402852654457e-04 2.566153125371783972e-05 4.137045179959386587e-04 3.977179899811744690e-02 7.485736859962344170e-04 2.444194979034364223e-04 9.581305384635925293e-01
8.792682550847530365e-03 1.946865348145365715e-03 2.330820709466934204e-01 5.652318522334098816e-02 2.367827296257019043e-01 2.802214026451110840e-01 1.826510280370712280e-01
1.043352298438549042e-02 9.885650360956788063e-04 7.182882726192474365e-02 1.690148562192916870e-02 5.904596447944641113e-01 4.001428559422492981e-02 2.693737149238586426e-01
1.999760206672362983e-05 6.009204298607073724e-06 1.307873935729730874e-05 9.998917579650878906e-01 1.947256896528415382e-05 2.428754487482365221e-05 2.543158188927918673e-05
2.975621646328363568e-05 8.340368367498740554e-06 1.608223101356998086e-05 9.998784065246582031e-01 1.415973383700475097e-05 3.926925273844972253e-05 1.403297846991335973e-05
3.358027242938987911e-05 7.789273695379961282e-06 1.515709300292655826e-05 9.998732805252075195e-01 1.670661004027351737e-05 2.874574965971987695e-05 2.465406214469112456e-05
1.580753247253596783e-03 5.704162758775055408e-04 7.241324987262487411e-03 4.010160565376281738e-01 1.227169268531724811e-04 5.881131887435913086e-01 1.355641405098140240e-03
1.043030497385188937e-04 4.583757345244521275e-06 7.899869524408131838e-05 1.591905951499938965e-03 1.031746971420943737e-03 1.251254871021956205e-04 9.970633387565612793e-01
5.839389562606811523e-02 9.018491255119442940e-04 4.967237822711467743e-03 3.857780992984771729e-01 3.730219323188066483e-03 1.988584361970424652e-02 5.263428688049316406e-01
7.165939896367490292e-04 7.136743079172447324e-06 2.013283374253660440e-04 1.028551370836794376e-03 4.477096081245690584e-04 2.113288064720109105e-04 9.973874688148498535e-01
1.030502840876579285e-03 8.358401100849732757e-05 3.340020775794982910e-03 1.242418885231018066e-01 3.549778833985328674e-03 6.009399658069014549e-04 8.671534061431884766e-01
5.534034222364425659e-03 1.941412920132279396e-04 1.143532339483499527e-03 2.725217863917350769e-02 1.812548935413360596e-02 1.543427235446870327e-03 9.462071657180786133e-01
1.504568266682326794e-03 2.335180615773424506e-04 3.486968576908111572e-02 1.357009634375572205e-02 1.514246396254748106e-04 9.479067325592041016e-01 1.763890730217099190e-03
3.948849439620971680e-02 7.150588789954781532e-04 5.820263922214508057e-02 3.470417484641075134e-02 6.988587789237499237e-03 1.452506929636001587e-01 7.146502733230590820e-01
3.402262460440397263e-03 4.252661601640284061e-04 1.153740733861923218e-01 6.659127771854400635e-02 5.292866379022598267e-03 1.480257064104080200e-01 6.608885526657104492e-01
2.936552627943456173e-04 5.711142148356884718e-05 3.695438208524137735e-04 3.870113193988800049e-01 1.386078074574470520e-03 6.013638922013342381e-04 6.102808713912963867e-01
5.343455704860389233e-04 5.135705578140914440e-05 7.065672427415847778e-03 1.378764427499845624e-04 1.022885480779223144e-04 9.916890263557434082e-01 4.195104702375829220e-04
1.053111162036657333e-02 3.071872051805257797e-04 1.606564735993742943e-03 6.790855526924133301e-02 2.329801768064498901e-02 2.933257492259144783e-03 8.934153318405151367e-01
3.459687650320120156e-05 7.476100108760874718e-06 1.686839095782488585e-05 9.998801946640014648e-01 1.607192643859889358e-05 2.815652806020807475e-05 1.664405317569617182e-05
2.938525751233100891e-03 4.492432053666561842e-04 8.249296806752681732e-03 6.169936805963516235e-02 2.880004176404327154e-04 9.220299124717712402e-01 4.345682915300130844e-03
9.620944261550903320e-01 8.540946291759610176e-04 1.434492226690053940e-02 3.437443170696496964e-03 5.553869064897298813e-03 4.951186012476682663e-03 8.764038793742656708e-03
2.522413851693272591e-03 8.646529167890548706e-04 2.011502534151077271e-02 3.877105712890625000e-01 2.190287690609693527e-03 4.995211064815521240e-01 8.707600831985473633e-02
5.325270351022481918e-03 8.288164972327649593e-04 1.940621733665466309e-01 4.285053610801696777e-01 4.641462862491607666e-02 1.001932192593812943e-02 3.148443400859832764e-01
3.341105282306671143e-01 1.600770629011094570e-03 9.275073558092117310e-02 6.252628751099109650e-03 3.095652461051940918e-01 1.790237985551357269e-02 2.378177195787429810e-01
2.136962721124291420e-03 2.207970101153478026e-04 6.883518653921782970e-04 3.625562191009521484e-01 2.100010402500629425e-03 5.763419903814792633e-03 6.265343427658081055e-01
1.378986868076026440e-03 1.152173426817171276e-04 1.327675301581621170e-03 7.953236997127532959e-02 8.685527136549353600e-04 9.070583619177341461e-03 9.077064990997314453e-01
1.228247862309217453e-02 4.083130042999982834e-04 1.740799993276596069e-01 3.386202733963727951e-03 2.773506101220846176e-03 7.815692424774169922e-01 2.550026960670948029e-02
1.038463306031189859e-04 3.577941970434039831e-05 1.703506131889298558e-04 9.423405528068542480e-01 3.952041151933372021e-04 2.489469770807772875e-04 5.670527741312980652e-02
1.942634698934853077e-03 5.700917681679129601e-04 3.585794940590858459e-03 2.406609207391738892e-01 2.408491272944957018e-04 7.477756142616271973e-01 5.224174354225397110e-03
9.583520586602389812e-04 7.179726526373997331e-05 3.636385127902030945e-02 4.174842324573546648e-04 2.380343066761270165e-04 9.587529301643371582e-01 3.197559155523777008e-03
5.940074915997684002e-04 6.247837882256135345e-05 6.338533712550997734e-04 8.052392601966857910e-01 6.659338250756263733e-04 3.216815239284187555e-04 1.924827694892883301e-01
5.370957311242818832e-03 4.546808486338704824e-04 8.329823613166809082e-03 4.829977452754974365e-02 7.008494436740875244e-02 1.666520908474922180e-02 8.507946133613586426e-01
2.196131041273474693e-03 7.519033970311284065e-04 5.363758206367492676e-01 3.477792441844940186e-01 1.083864644169807434e-02 5.663704872131347656e-02 4.542126879096031189e-02
5.405660718679428101e-02 1.491333008743822575e-03 5.875991582870483398e-01 3.698244318366050720e-02 8.157420158386230469e-02 5.847453698515892029e-02 1.798217296600341797e-01
2.733843757596332580e-05 6.406178727047517896e-06 1.650851481826975942e-05 9.998774528503417969e-01 2.121158468071371317e-05 2.282036621181759983e-05 2.829934237524867058e-05
2.139279094990342855e-04 5.810927905258722603e-05 4.048818373121321201e-04 5.969365835189819336e-01 1.048812409862875938e-03 5.021173274144530296e-04 4.008355438709259033e-01
2.161047421395778656e-02 1.367779448628425598e-03 4.882925450801849365e-01 3.176755830645561218e-02 1.303899884223937988e-01 1.010511070489883423e-01 2.255205214023590088e-01
2.059243246912956238e-02 1.168228336609899998e-03 4.816137552261352539e-01 2.955387905240058899e-02 5.229731649160385132e-02 1.643233001232147217e-01 2.504510581493377686e-01
7.560415542684495449e-04 2.916027151513844728e-04 6.887684576213359833e-03 3.910191357135772705e-02 3.626380639616400003e-04 9.417250752449035645e-01 1.087505556643009186e-02
3.937033116817474365e-01 2.804559189826250076e-03 5.318378284573554993e-02 2.792237997055053711e-01 2.755623124539852142e-02 3.442421928048133850e-02 2.091040462255477905e-01
6.812479812651872635e-03 7.519416976720094681e-04 3.405156731605529785e-02 1.956659182906150818e-02 6.097129583358764648e-01 2.619890496134757996e-02 3.029056191444396973e-01
4.136920869350433350e-01 5.606872495263814926e-03 4.354058578610420227e-02 1.593873649835586548e-01 5.005718022584915161e-02 1.234308034181594849e-01 2.042850553989410400e-01
4.443261306732892990e-03 6.214910536073148251e-04 3.162042796611785889e-01 6.033535301685333252e-02 2.362117404118180275e-03 5.340970158576965332e-01 8.193651586771011353e-02
2.401784295216202736e-03 7.096496847225353122e-05 4.205952864140272141e-03 2.636868041008710861e-03 1.099620666354894638e-02 3.850008128210902214e-03 9.758382439613342285e-01
9.232333861291408539e-03 3.101792754023335874e-05 2.079822297673672438e-04 3.618617774918675423e-04 7.733080419711768627e-04 1.537729869596660137e-03 9.878558516502380371e-01
4.211811756249517202e-05 8.736049494473263621e-06 1.740166771924123168e-05 9.998605251312255859e-01 2.025652065640315413e-05 2.867168041120748967e-05 2.228574521723203361e-05
1.843125501181930304e-04 1.806560248951427639e-05 4.035887250211089849e-04 1.283671241253614426e-02 1.957919448614120483e-03 3.692733880598098040e-04 9.842301011085510254e-01
1.710270941257476807e-01 3.199641592800617218e-03 1.971769146621227264e-02 3.391561210155487061e-01 8.131684735417366028e-03 2.627472281455993652e-01 1.960205584764480591e-01
9.937551021575927734e-01 2.355213364353403449e-04 1.604470307938754559e-03 3.265075501985847950e-04 2.630174160003662109e-03 4.024894151370972395e-04 1.045752782374620438e-03
1.494731009006500244e-02 2.116442919941619039e-04 2.428286941722035408e-03 2.338085323572158813e-03 8.490268886089324951e-02 4.877610132098197937e-03 8.902943730354309082e-01
2.104953309753909707e-04 9.435739775653928518e-05 8.572856895625591278e-04 9.911460801959037781e-04 3.222570812795311213e-04 9.950163960456848145e-01 2.508084056898951530e-03
2.105125022353604436e-04 2.799801950459368527e-05 1.363283372484147549e-04 1.038016080856323242e-01 2.452950691804289818e-03 1.801038015400990844e-04 8.931905627250671387e-01
3.615113906562328339e-03 1.708478230284526944e-04 1.406123396009206772e-03 2.206784114241600037e-02 1.308788172900676727e-02 5.912600550800561905e-03 9.537395834922790527e-01
2.877226143027655780e-05 6.307252078840974718e-06 1.283901929127750918e-05 9.999005794525146484e-01 1.420640273863682523e-05 2.039982427959330380e-05 1.693852027528919280e-05
7.331753373146057129e-01 1.969656586879864335e-04 4.139968077652156353e-04 7.494597812183201313e-04 5.546222091652452946e-04 5.286300089210271835e-03 2.596232891082763672e-01
1.099157333374023438e-02 4.412622365634888411e-04 4.878823459148406982e-01 3.962564282119274139e-03 9.676308371126651764e-03 4.001266062259674072e-01 8.691932260990142822e-02
2.525537274777889252e-05 7.302989615709520876e-06 1.517205691925482824e-05 9.998835325241088867e-01 1.776098724803887308e-05 3.225209002266637981e-05 1.867311038949992508e-05
2.657359873410314322e-04 5.214541033637942746e-06 4.621838888851925731e-05 1.604767050594091415e-03 1.935629989020526409e-04 2.732835127972066402e-04 9.976111650466918945e-01
1.389372744597494602e-03 9.198334737448021770e-05 9.875820251181721687e-05 3.675972521305084229e-01 2.124527236446738243e-03 5.262878257781267166e-04 6.281717419624328613e-01
1.359760612249374390e-01 3.563883481547236443e-03 1.443750262260437012e-01 4.704463854432106018e-02 3.571145534515380859e-01 7.594710588455200195e-02 2.359786480665206909e-01
2.184756845235824585e-02 1.258892705664038658e-03 9.275939315557479858e-02 9.264429658651351929e-02 3.873121924698352814e-03 6.688209176063537598e-01 1.187957897782325745e-01
8.000665903091430664e-02 5.983207374811172485e-04 7.282313425093889236e-03 7.863777689635753632e-03 1.654247641563415527e-01 4.023937042802572250e-03 7.348002195358276367e-01
7.043186109513044357e-03 2.429610904073342681e-04 2.121650846675038338e-03 3.164843097329139709e-02 1.434689667075872421e-02 5.695554893463850021e-03 9.389013051986694336e-01
2.371035516262054443e-03 9.709787264000624418e-05 2.643187344074249268e-02 4.343402688391506672e-04 1.509640569565817714e-04 9.687839150428771973e-01 1.730762771330773830e-03
2.293259138241410255e-03 9.914855763781815767e-05 6.422719452530145645e-03 3.233764320611953735e-02 1.871534856036305428e-03 3.874084446579217911e-03 9.531015753746032715e-01
1.910555147333070636e-05 5.580186552833765745e-06 1.062825413100654259e-05 9.999126195907592773e-01 1.528428219899069518e-05 2.107139880536124110e-05 1.566605715197511017e-05
2.732270630076527596e-03 9.771558688953518867e-04 6.662415713071823120e-02 2.810865640640258789e-01 8.044525980949401855e-03 3.306948244571685791e-01 3.098405003547668457e-01
2.359671285375952721e-03 1.975621125893667340e-04 3.478829748928546906e-03 4.657695069909095764e-03 7.023245692253112793e-01 2.078349236398935318e-03 2.849033772945404053e-01
4.600864648818969727e-02 1.301184762269258499e-03 2.807706408202648163e-02 6.663403660058975220e-02 5.131481960415840149e-02 4.888565838336944580e-02 7.577785849571228027e-01
7.141858804970979691e-03 1.372254482703283429e-04 1.398180052638053894e-02 6.333965342491865158e-03 2.281466126441955566e-02 1.906734425574541092e-03 9.476836919784545898e-01
1.315805036574602127e-02 5.075224325992166996e-04 2.555733025074005127e-01 9.033672511577606201e-03 3.293753368780016899e-03 6.042463183403015137e-01 1.141873300075531006e-01
3.677488130051642656e-04 3.553152419044636190e-05 5.759747582487761974e-04 2.031410858035087585e-02 1.999434782192111015e-03 7.324104662984609604e-04 9.759747982025146484e-01
1.072264160029590130e-03 8.747158972255419940e-06 2.673185372259467840e-04 8.654866833239793777e-04 8.614089456386864185e-04 1.825031067710369825e-04 9.967421889305114746e-01
9.002635488286614418e-04 1.791235554264858365e-04 4.351343493908643723e-03 1.550795976072549820e-02 7.771883974783122540e-05 9.769626855850219727e-01 2.020834013819694519e-03
3.690134966745972633e-03 8.586594485677778721e-04 2.952397465705871582e-01 1.084209904074668884e-01 5.041949916630983353e-03 3.957402706146240234e-01 1.910083144903182983e-01
2.069741720333695412e-03 2.492132989573292434e-05 1.448409893782809377e-04 3.312229411676526070e-03 1.071097358362749219e-04 2.781429793685674667e-03 9.915598034858703613e-01
7.251646369695663452e-03 5.178187275305390358e-04 6.869352422654628754e-03 3.793849796056747437e-02 1.169175282120704651e-01 1.189734414219856262e-02 8.186078071594238281e-01
7.266845554113388062e-02 3.750794567167758942e-04 1.097436179406940937e-03 2.659063786268234253e-02 2.272958401590585709e-03 2.170946262776851654e-02 8.752859234809875488e-01
1.521178171969950199e-03 1.152159311459399760e-04 1.321721635758876801e-02 1.010812236927449703e-03 1.717485429253429174e-04 9.789503812789916992e-01 5.013518035411834717e-03
3.775233402848243713e-02 6.579752080142498016e-04 4.641299247741699219e-01 1.540070120245218277e-02 5.784654617309570312e-02 1.989963278174400330e-02 4.043129682540893555e-01
5.448097363114356995e-03 5.110275233164429665e-04 2.565994672477245331e-02 6.247096508741378784e-02 5.078743025660514832e-02 2.012079767882823944e-02 8.350017666816711426e-01
4.746558144688606262e-03 3.135373408440500498e-04 9.292153269052505493e-02 2.605335554108023643e-03 3.238137345761060715e-03 8.325593471527099609e-01 6.361551582813262939e-02
2.975105494260787964e-02 3.369135374668985605e-04 2.129055745899677277e-02 8.382752537727355957e-03 2.503737248480319977e-02 3.899646457284688950e-03 9.113017320632934570e-01
3.885418700519949198e-04 7.878799806348979473e-05 4.423836071509867907e-04 5.235455632209777832e-01 9.524279739707708359e-04 1.507279113866388798e-03 4.730850458145141602e-01
1.391955418512225151e-03 6.582219066331163049e-05 1.886619953438639641e-03 2.783836796879768372e-02 9.047147468663752079e-04 3.766478970646858215e-03 9.641459584236145020e-01
3.679649671539664268e-05 9.100902389036491513e-06 2.115478491759859025e-05 9.998587369918823242e-01 1.999307096411939710e-05 3.507347719278186560e-05 1.909366801555734128e-05
3.232837480027228594e-04 1.314464316237717867e-04 3.702779710292816162e-01 8.622868335805833340e-04 3.757694503292441368e-04 6.276951432228088379e-01 3.341176197864115238e-04
3.190890856785699725e-05 8.617898856755346060e-06 1.838860225689131767e-05 9.998745918273925781e-01 1.534508555778302252e-05 3.730191019712947309e-05 1.388627060805447400e-05
1.255095899105072021e-01 3.574971924535930157e-04 1.741515006870031357e-03 3.652244433760643005e-02 3.639569506049156189e-03 5.778175778687000275e-03 8.264511227607727051e-01
2.777140960097312927e-02 4.006777890026569366e-04 2.840011008083820343e-02 1.416609808802604675e-02 5.863430444151163101e-03 5.999138951301574707e-02 8.634069561958312988e-01
4.813523264601826668e-05 1.237245942320441827e-05 2.051307455985806882e-05 9.998272061347961426e-01 2.070377377094700933e-05 4.083490057382732630e-05 3.034670044144149870e-05
6.997416727244853973e-03 1.331296632997691631e-03 4.928798973560333252e-01 2.180456221103668213e-01 9.327222406864166260e-02 4.735180363059043884e-02 1.401217579841613770e-01
5.699805333279073238e-04 2.579969295766204596e-04 3.996039275079965591e-03 8.535997271537780762e-01 1.481829443946480751e-03 1.669375412166118622e-02 1.234007626771926880e-01
3.280134173110127449e-03 4.612741468008607626e-04 1.334442570805549622e-02 8.555309772491455078e-01 3.159829066134989262e-04 1.207364127039909363e-01 6.330841686576604843e-03
8.922224044799804688e-01 9.149138350039720535e-04 1.150004379451274872e-02 1.034906692802906036e-02 3.862635698169469833e-03 5.591092165559530258e-03 7.555986940860748291e-02
7.145155686885118484e-03 2.926052839029580355e-04 2.958171069622039795e-03 2.785275578498840332e-01 1.826129620894789696e-03 1.317692641168832779e-02 6.960734724998474121e-01
1.980123855173587799e-02 5.325618258211761713e-05 2.242288755951449275e-04 5.149791250005364418e-04 1.813525217585265636e-03 1.801247708499431610e-03 9.757914543151855469e-01
3.254170223954133689e-05 7.606965937156928703e-06 1.813134804251603782e-05 9.998774528503417969e-01 1.962877831829246134e-05 2.683094317035283893e-05 1.776353747118264437e-05
8.887954172678291798e-04 1.716226688586175442e-04 1.455705263651907444e-03 3.689371049404144287e-01 1.008311635814607143e-03 1.361677050590515137e-02 6.139217019081115723e-01
7.445745170116424561e-02 1.985132461413741112e-03 1.695126444101333618e-01 8.893870748579502106e-03 5.517913103103637695e-01 4.735968261957168579e-02 1.459998190402984619e-01
1.550408545881509781e-02 7.491640280932188034e-04 4.485361650586128235e-02 1.275709550827741623e-02 4.607194364070892334e-01 1.441588252782821655e-02 4.510006606578826904e-01
5.371368388296104968e-05 1.588535451446659863e-05 2.658632365637458861e-05 9.996736049652099609e-01 9.041484008776023984e-05 2.608403519843704998e-05 1.137938816100358963e-04
7.688733749091625214e-03 9.907459025271236897e-05 1.132909324951469898e-03 2.086516469717025757e-02 9.955200366675853729e-04 4.745561163872480392e-03 9.644730091094970703e-01
2.416321367491036654e-04 1.487763165641808882e-05 6.755327922292053699e-05 4.441687464714050293e-02 1.436783641111105680e-04 1.297664945013821125e-03 9.538176655769348145e-01
2.301836386322975159e-03 1.719013089314103127e-04 6.823915755376219749e-04 1.139838844537734985e-01 1.945497700944542885e-03 1.079463586211204529e-02 8.701198697090148926e-01
3.612111089751124382e-03 3.644519310910254717e-04 9.181659552268683910e-04 7.132952213287353516e-01 1.160784065723419189e-02 2.303236629813909531e-03 2.678989768028259277e-01
3.504335181787610054e-03 3.431937075220048428e-04 4.016989096999168396e-02 1.575235277414321899e-02 2.821995585691183805e-04 9.380489587783813477e-01 1.899134251289069653e-03
1.713319681584835052e-03 3.190978532074950635e-05 7.144999690353870392e-04 5.015931557863950729e-03 2.714958740398287773e-03 4.238343972247093916e-04 9.893855452537536621e-01
3.242034581489861012e-04 4.961750892107374966e-05 2.703025564551353455e-02 4.205778241157531738e-04 1.507533597759902477e-04 9.705285429954528809e-01 1.496032462455332279e-03
8.940155617892742157e-03 2.851970493793487549e-04 6.766047477722167969e-01 2.245978685095906258e-03 1.918486668728291988e-03 3.023901879787445068e-01 7.615321315824985504e-03
5.276553332805633545e-02 9.769708849489688873e-04 1.679066382348537445e-02 4.341899883002042770e-03 4.758042097091674805e-01 9.464111179113388062e-03 4.398566782474517822e-01
6.051393575035035610e-04 5.090084596304222941e-05 2.633148105815052986e-04 4.118554666638374329e-02 4.167449194937944412e-03 9.972295956686139107e-04 9.527304768562316895e-01
2.343617379665374756e-02 5.998302367515861988e-04 1.051081717014312744e-01 2.563617192208766937e-02 3.604020178318023682e-02 1.018714439123868942e-02 7.989922761917114258e-01
3.698896244168281555e-02 9.605252416804432869e-04 5.852345228195190430e-01 1.508780848234891891e-02 6.722526252269744873e-02 7.589460164308547974e-02 2.186083346605300903e-01
5.671847146004438400e-03 2.592384698800742626e-04 8.903546258807182312e-04 5.323458313941955566e-01 7.884261198341846466e-03 9.625779930502176285e-04 4.519858956336975098e-01
3.932652762159705162e-04 2.076697091979440302e-05 1.839652541093528271e-04 1.265927590429782867e-02 3.332006454002112150e-04 1.139548840001225471e-03 9.852700829505920410e-01
6.609401898458600044e-04 5.140696157468482852e-05 9.121347829932346940e-05 2.002859860658645630e-01 9.427024633623659611e-04 4.547211574390530586e-04 7.975130677223205566e-01
1.633771578781306744e-03 8.095622615655884147e-05 1.483809173805639148e-04 4.665332138538360596e-01 6.045944173820316792e-04 8.866623393259942532e-04 5.301124453544616699e-01
7.934992900118231773e-04 1.144718407886102796e-05 2.502027782611548901e-04 2.518297871574759483e-03 6.342086126096546650e-04 2.143980964319780469e-04 9.955779314041137695e-01
2.339008264243602753e-03 5.178008577786386013e-04 8.939227089285850525e-03 4.095541536808013916e-01 3.722029039636254311e-03 8.044202625751495361e-02 4.944857060909271240e-01
1.604944840073585510e-02 4.873413417953997850e-04 1.529184635728597641e-03 9.668450951576232910e-01 6.384278647601604462e-03 1.414789352566003799e-03 7.289889734238386154e-03
2.643597545102238655e-03 1.549433509353548288e-04 1.063760719262063503e-03 4.729296267032623291e-02 2.169150672852993011e-02 1.339426380582153797e-03 9.258137941360473633e-01
1.257448736578226089e-02 3.087473305640742183e-05 6.541761686094105244e-04 1.108805532567203045e-03 2.397448755800724030e-03 3.982665075454860926e-04 9.828359484672546387e-01
3.968922421336174011e-02 1.099999877624213696e-03 1.928495056927204132e-02 9.152752906084060669e-02 5.121343210339546204e-02 3.159458562731742859e-02 7.655903697013854980e-01
3.468788228929042816e-03 9.521023603156208992e-04 9.559874422848224640e-03 3.627936169505119324e-02 5.015691276639699936e-03 8.767089247703552246e-01 6.801518052816390991e-02
2.949021523818373680e-03 1.569295636727474630e-05 1.930521539179608226e-04 1.227225875481963158e-03 1.427815179340541363e-03 2.672667615115642548e-04 9.939199686050415039e-01
2.422740915790200233e-03 3.384467854630202055e-04 1.351153245195746422e-03 7.472527027130126953e-02 1.425747126340866089e-01 4.857648164033889771e-03 7.737300395965576172e-01
1.707094023004174232e-03 2.580622094683349133e-04 1.473138225264847279e-03 6.798963546752929688e-01 8.346386603079736233e-04 1.538491621613502502e-02 3.004458248615264893e-01
9.905399056151509285e-04 2.566599287092685699e-04 1.083702500909566879e-02 8.951287865638732910e-01 1.374285784550011158e-03 1.835342310369014740e-02 7.305929064750671387e-02
3.625883255153894424e-05 8.018970220291521400e-06 1.660506495682056993e-05 9.998714923858642578e-01 1.728988354443572462e-05 2.869198942789807916e-05 2.159655196010135114e-05
8.411704003810882568e-02 2.829462056979537010e-03 1.566712260246276855e-01 3.722209855914115906e-02 3.499084413051605225e-01 5.259997397661209106e-02 3.166517913341522217e-01
1.729713194072246552e-02 8.216557325795292854e-04 2.328312024474143982e-03 5.505800843238830566e-01 5.661177262663841248e-02 3.043471137061715126e-03 3.693175613880157471e-01
3.135697625111788511e-05 6.863021553726866841e-06 1.395320305164204910e-05 9.998803138732910156e-01 1.812104710552375764e-05 2.175226654799189419e-05 2.763748852885328233e-05
1.534193102270364761e-02 1.367023942293599248e-04 1.142211374826729298e-03 2.274382859468460083e-02 8.851723978295922279e-04 6.263110786676406860e-03 9.534869790077209473e-01
3.221373306587338448e-03 2.798311834339983761e-05 1.880243653431534767e-04 4.294495098292827606e-03 1.336970250122249126e-03 4.127488646190613508e-04 9.905185103416442871e-01
2.492141351103782654e-02 7.254195952555164695e-05 2.478838141541928053e-04 5.141830188222229481e-04 1.061787828803062439e-03 4.816588014364242554e-03 9.683656692504882812e-01
2.828346332535147667e-03 1.026171958073973656e-04 8.217456052079796791e-04 1.558286231011152267e-02 1.396896038204431534e-02 1.780709484592080116e-03 9.649146199226379395e-01
2.570054866373538971e-02 5.770745337940752506e-04 2.058098763227462769e-01 3.391026519238948822e-03 7.025113329291343689e-03 6.554074287414550781e-01 1.020889952778816223e-01
1.430166186764836311e-03 7.859922334318980575e-06 1.981692039407789707e-04 6.786295562051236629e-04 5.020018434152007103e-04 1.820059260353446007e-04 9.970012307167053223e-01
3.826852189376950264e-03 6.834004307165741920e-05 1.673895400017499924e-03 7.208073046058416367e-03 2.839816035702824593e-03 3.286768449470400810e-03 9.810962080955505371e-01
8.490901673212647438e-04 9.340540418634191155e-05 3.076779248658567667e-04 5.678523182868957520e-01 9.545918554067611694e-03 3.149106050841510296e-04 4.210366904735565186e-01
6.507505167974159122e-05 8.970311682787723839e-06 1.625168806640431285e-05 9.998431205749511719e-01 1.714691279630642384e-05 3.069984450121410191e-05 1.868876461230684072e-05
4.835149156861007214e-04 9.538904851069673896e-05 1.441500382497906685e-03 1.105256378650665283e-01 6.678747478872537613e-03 1.773631316609680653e-03 8.790015578269958496e-01
1.660760026425123215e-03 1.521486119600012898e-04 9.627622202970087528e-04 1.098258942365646362e-01 1.153264893218874931e-03 1.099802646785974503e-02 8.752471804618835449e-01
1.033553853631019592e-03 6.563148053828626871e-05 7.177032239269465208e-05 1.852288842201232910e-01 2.716260263696312904e-03 3.565537917893379927e-04 8.105273842811584473e-01
2.670001238584518433e-03 3.565417136996984482e-04 4.302184563130140305e-03 2.265947163105010986e-01 2.115554409101605415e-03 9.952791035175323486e-02 6.644330620765686035e-01
6.632368266582489014e-02 1.963008893653750420e-03 2.212958186864852905e-01 6.646936386823654175e-02 3.111562691628932953e-02 2.595868706703186035e-01 3.532455861568450928e-01
7.050007116049528122e-04 9.407234028913080692e-05 1.066820099949836731e-01 7.584852282889187336e-04 5.203840555623173714e-04 8.863613605499267578e-01 4.878794308751821518e-03
6.112495902925729752e-03 1.526036212453618646e-04 3.453477472066879272e-02 5.921507836319506168e-04 4.267195472493767738e-04 9.518949985504150391e-01 6.286296993494033813e-03
1.650735363364219666e-02 6.272697937674820423e-04 1.900946348905563354e-01 4.416798427700996399e-02 2.956270985305309296e-02 1.074848230928182602e-02 7.082915902137756348e-01
6.616850441787391901e-05 2.479821159795392305e-05 3.383994102478027344e-03 6.654870958300307393e-05 9.534712262393441051e-06 9.964265227317810059e-01 2.248662713100202382e-05
5.700091365724802017e-03 3.211683069821447134e-04 2.467347774654626846e-03 5.884723663330078125e-01 1.015939004719257355e-02 1.410996657796204090e-03 3.914685547351837158e-01
1.377258170396089554e-02 5.073269712738692760e-04 1.177768106572329998e-03 2.717970311641693115e-01 3.399575874209403992e-02 2.715969691053032875e-03 6.760335564613342285e-01
1.345222890377044678e-01 4.827873490285128355e-04 3.676255466416478157e-03 6.623236089944839478e-02 1.695532002486288548e-03 1.764867827296257019e-02 7.757420539855957031e-01
6.627726368606090546e-03 5.660143215209245682e-04 5.990238860249519348e-03 8.657994121313095093e-02 6.513170897960662842e-02 2.045834437012672424e-02 8.146461248397827148e-01
1.581756281666457653e-03 1.204038053401745856e-04 3.315048292279243469e-02 1.064200303517282009e-03 2.653403207659721375e-04 9.601306915283203125e-01 3.687133314087986946e-03
1.322424877434968948e-02 4.697188560385257006e-04 1.880320906639099121e-02 7.056921720504760742e-02 1.757895201444625854e-02 2.087894640862941742e-02 8.584756851196289062e-01
7.060431409627199173e-03 6.984166684560477734e-04 2.972823381423950195e-02 2.626596577465534210e-02 1.217062934301793575e-03 7.684486508369445801e-01 1.665813177824020386e-01
2.278047241270542145e-02 5.426337011158466339e-04 1.717673391103744507e-01 2.442139433696866035e-03 4.933026619255542755e-03 7.530437707901000977e-01 4.449068382382392883e-02
3.135389983654022217e-01 1.543444464914500713e-03 1.272314228117465973e-02 2.153530269861221313e-01 3.474181052297353745e-03 3.751096501946449280e-02 4.158562421798706055e-01
1.449159113690257072e-03 1.585916324984282255e-04 1.438914239406585693e-01 9.288217406719923019e-04 7.873086142353713512e-04 8.500716090202331543e-01 2.713047200813889503e-03
4.114655894227325916e-05 9.296093594457488507e-06 1.543240068713203073e-05 9.998552799224853516e-01 1.899505332403350621e-05 2.872393997677136213e-05 3.109340104856528342e-05
8.597776759415864944e-04 2.771299332380294800e-04 3.744882997125387192e-03 9.288882017135620117e-01 1.883837539935484529e-04 6.159042567014694214e-02 4.451204556971788406e-03
9.264948777854442596e-03 8.081849664449691772e-04 6.550883501768112183e-02 4.472472518682479858e-02 2.891557989642024040e-03 8.118435144424438477e-01 6.495822966098785400e-02
6.358476728200912476e-02 6.678404752165079117e-04 1.463291887193918228e-02 1.512733697891235352e-01 1.169618777930736542e-02 3.202134277671575546e-03 7.549427151679992676e-01
1.137251500040292740e-02 4.839633766096085310e-04 1.513423770666122437e-01 1.618322916328907013e-02 4.140527453273534775e-03 3.983322381973266602e-01 4.181451797485351562e-01
4.663044819608330727e-04 5.030594911659136415e-05 6.274131126701831818e-03 4.126321000512689352e-04 8.388031710637733340e-05 9.920601844787597656e-01 6.525557255372405052e-04
4.446157254278659821e-03 4.301042936276644468e-04 6.898181438446044922e-01 6.216139066964387894e-03 1.202229689806699753e-02 2.310575395822525024e-01 5.600969865918159485e-02
2.986561958095990121e-05 1.029471059155184776e-05 3.078026202274486423e-05 9.994609951972961426e-01 4.179760435363277793e-05 3.632474545156583190e-05 3.899437142536044121e-04
1.441458240151405334e-02 3.498366277199238539e-05 1.831019471865147352e-04 7.293892558664083481e-04 2.676779986359179020e-04 2.349963877350091934e-03 9.820203185081481934e-01
1.920961803989484906e-04 1.411330777045805007e-05 5.594109461526386440e-05 2.899508923292160034e-02 5.407934659160673618e-04 2.513948711566627026e-04 9.699506163597106934e-01
1.304502948187291622e-03 2.172491658711805940e-04 3.358406247571110725e-03 2.307370603084564209e-01 8.172859088517725468e-04 7.230932265520095825e-02 6.912561655044555664e-01
6.161818746477365494e-04 7.000000186963006854e-05 1.001050914055667818e-04 7.851391434669494629e-01 9.816943202167749405e-04 5.526641034521162510e-04 2.125402092933654785e-01
5.461645778268575668e-03 2.961301943287253380e-04 7.126278430223464966e-02 1.959234941750764847e-03 1.205579959787428379e-03 9.104319214820861816e-01 9.382653981447219849e-03
5.955945816822350025e-04 2.883337947423569858e-05 5.620011943392455578e-04 1.994522474706172943e-02 3.976644657086580992e-04 1.962724840268492699e-03 9.765079021453857422e-01
1.614367822185158730e-03 6.933767872396856546e-05 5.901022348552942276e-03 9.933063760399818420e-03 3.566001309081912041e-03 1.315287780016660690e-03 9.776008129119873047e-01
3.634983295341953635e-05 8.451655958197079599e-06 1.928896199387963861e-05 9.998650550842285156e-01 1.962817805178929120e-05 3.237578130210749805e-05 1.871748099802061915e-05
1.484912936575710773e-03 1.235715608345344663e-04 2.360823797062039375e-03 2.098746448755264282e-01 1.706711133010685444e-03 3.280472010374069214e-03 7.811688780784606934e-01
2.788278274238109589e-02 1.719158841297030449e-03 5.770718455314636230e-01 6.041973829269409180e-02 4.770508408546447754e-02 2.045429348945617676e-01 8.065842092037200928e-02
5.603509955108165741e-03 2.585379115771502256e-04 1.089520752429962158e-02 2.289784252643585205e-01 2.474158303812146187e-03 6.216027308255434036e-03 7.455741167068481445e-01
2.012792538153007627e-04 6.063005639589391649e-05 3.435357357375323772e-04 6.729497909545898438e-01 8.008378208614885807e-04 6.059927400201559067e-04 3.250379264354705811e-01
5.836985292262397707e-05 1.705024988041259348e-05 3.226325134164653718e-05 9.962967038154602051e-01 5.063736170995980501e-05 1.314981054747477174e-04 3.413504222407937050e-03
2.593198046088218689e-02 3.717979125212877989e-04 3.869144618511199951e-02 1.444368739612400532e-03 2.293020486831665039e-01 7.014740258455276489e-03 6.972435116767883301e-01
4.912192816846072674e-04 1.346427452517673373e-04 3.426989715080708265e-04 5.889830589294433594e-01 9.658463532105088234e-04 1.079065166413784027e-02 3.982918560504913330e-01
1.394172757863998413e-02 3.963074123021215200e-04 7.420424371957778931e-02 2.589352894574403763e-03 6.243952084332704544e-03 6.966356039047241211e-01 2.059888243675231934e-01
2.195579707622528076e-01 5.338127375580370426e-04 5.013788584619760513e-03 3.148491308093070984e-02 2.547408221289515495e-03 1.906989701092243195e-02 7.217921614646911621e-01
9.958730340003967285e-01 1.668016484472900629e-04 1.073551597073674202e-03 2.037999802269041538e-04 1.323783886618912220e-03 5.917666130699217319e-04 7.673187647014856339e-04
1.235292875207960606e-03 2.147046034224331379e-04 3.682207316160202026e-02 3.300762036815285683e-03 2.430340828141197562e-04 9.570863246917724609e-01 1.097850617952644825e-03
7.610224932432174683e-02 8.644125773571431637e-04 4.837232083082199097e-02 4.017456620931625366e-02 2.386816963553428650e-02 9.796454571187496185e-03 8.008218407630920410e-01
4.127532301936298609e-04 2.112750225933268666e-04 1.102928537875413895e-03 9.180175065994262695e-01 2.165223937481641769e-03 1.156189385801553726e-02 6.652841717004776001e-02
8.480874239467084408e-04 6.903905887156724930e-05 5.425678682513535023e-04 2.814841866493225098e-01 1.540123921586200595e-04 6.691291462630033493e-03 7.102108001708984375e-01
1.552918343804776669e-03 2.262797170260455459e-05 4.405409854371100664e-04 4.144065082073211670e-03 1.957317115738987923e-03 3.213536983821541071e-04 9.915611147880554199e-01
3.180210478603839874e-05 8.216760761570185423e-06 1.576287831994704902e-05 9.998730421066284180e-01 1.856458402471616864e-05 2.750015119090676308e-05 2.502690040273591876e-05
2.222450971603393555e-01 2.060548402369022369e-03 7.686289399862289429e-02 3.672498045489192009e-03 3.835808634757995605e-01 5.217358469963073730e-02 2.594044208526611328e-01
1.359509676694869995e-01 1.520853023976087570e-03 2.351696789264678955e-02 1.494852751493453979e-01 5.611372180283069611e-03 7.765480130910873413e-02 6.062597632408142090e-01
2.625680062919855118e-04 3.053358523175120354e-05 1.059843227267265320e-03 3.231554583180695772e-04 1.280936703551560640e-05 9.979996085166931152e-01 3.114202409051358700e-04
7.772152312099933624e-03 1.691438665147870779e-04 4.077774472534656525e-03 6.449648179113864899e-03 2.003676816821098328e-02 6.565074436366558075e-03 9.549295306205749512e-01
3.271338045597076416e-01 2.967977779917418957e-04 3.471835982054471970e-03 1.216771546751260757e-02 2.055749297142028809e-03 1.731167430989444256e-03 6.531429886817932129e-01
2.742400647548492998e-05 6.296000719885341823e-06 1.710105789243243635e-05 9.998850822448730469e-01 1.606817386345937848e-05 2.565625618444755673e-05 2.240123103547375649e-05
3.075251355767250061e-02 8.371493895538151264e-04 3.348426148295402527e-02 1.507437787950038910e-02 2.771525830030441284e-02 1.750987917184829712e-01 7.170376181602478027e-01
5.255097057670354843e-04 1.122528847190551460e-04 1.566883642226457596e-03 2.985548460856080055e-03 1.167302107205614448e-04 9.924883842468261719e-01 2.204687334597110748e-03
3.650117432698607445e-04 4.334065670263953507e-05 2.240928151877596974e-04 1.603376865386962891e-01 5.943638971075415611e-04 2.485941164195537567e-03 8.359495401382446289e-01
1.024012919515371323e-03 6.271140591707080603e-05 9.054502152139320970e-05 4.536474496126174927e-02 1.232953928411006927e-02 3.433676029089838266e-04 9.407851696014404297e-01
7.611446082592010498e-03 2.540711720939725637e-04 1.228981069289147854e-03 4.203295800834894180e-03 7.908959388732910156e-01 8.590543293394148350e-04 1.949471533298492432e-01
4.627488306141458452e-05 9.117296031035948545e-06 1.669195626163855195e-05 9.998674392700195312e-01 1.451409389119362459e-05 3.180496059940196574e-05 1.419693944626487792e-05
2.733360743150115013e-03 5.587865016423165798e-04 1.565758585929870605e-01 5.814354866743087769e-02 2.640908658504486084e-01 6.647484377026557922e-03 5.112500786781311035e-01
6.079492624849081039e-03 6.101482431404292583e-04 3.956201020628213882e-03 4.335128664970397949e-01 5.757632106542587280e-02 4.373944364488124847e-03 4.938910305500030518e-01
4.402022343128919601e-03 2.311676362296566367e-04 7.094111060723662376e-04 4.964894950389862061e-01 3.364276140928268433e-03 2.614147029817104340e-03 4.921894967555999756e-01
2.840971807017922401e-03 5.289006512612104416e-04 4.014815669506788254e-03 8.253594636917114258e-01 1.083959359675645828e-03 9.372950345277786255e-02 7.244233042001724243e-02
1.078321132808923721e-02 1.154853031039237976e-03 6.365510821342468262e-02 1.004837006330490112e-01 3.294898942112922668e-02 1.748509407043457031e-01 6.161231398582458496e-01
5.034661851823329926e-03 4.790009988937526941e-04 4.479475915431976318e-01 3.445196431130170822e-03 1.975178718566894531e-01 5.311580747365951538e-02 2.924599051475524902e-01
1.745407702401280403e-03 6.810986815253272653e-05 8.495396934449672699e-03 4.234204068779945374e-02 1.573102315887808800e-03 5.714888684451580048e-04 9.452045559883117676e-01
1.595700345933437347e-02 1.713039091555401683e-04 1.256227586418390274e-02 8.272757753729820251e-03 3.082598792389035225e-03 3.522528801113367081e-03 9.564315676689147949e-01
3.431520599406212568e-05 8.324324880959466100e-06 1.785120184649713337e-05 9.998612403869628906e-01 2.384880463068839163e-05 2.765681529126595706e-05 2.678443888726178557e-05
1.480714672652538866e-05 6.796470643166685477e-06 1.042876741848886013e-03 2.719049734878353775e-05 2.881797172449296340e-06 9.988952279090881348e-01 1.030286421155324206e-05
1.014304114505648613e-03 9.412605140823870897e-05 5.801027640700340271e-02 7.707548793405294418e-04 2.942894061561673880e-04 9.365677833557128906e-01 3.248566063120961189e-03
2.595593454316258430e-03 1.134145932155661285e-04 1.375089492648839951e-02 5.940340925008058548e-04 3.977010492235422134e-04 9.731387495994567871e-01 9.409554302692413330e-03
2.519189380109310150e-02 1.020344789139926434e-03 1.596693396568298340e-01 1.926262117922306061e-02 1.028055232018232346e-02 4.093400835990905762e-01 3.752351999282836914e-01
3.063331823796033859e-04 5.955889355391263962e-05 1.281227637082338333e-02 3.207130939699709415e-04 2.046939771389588714e-04 9.859041571617126465e-01 3.922375326510518789e-04
5.473662540316581726e-02 1.780175807652994990e-04 3.025152906775474548e-02 1.259835250675678253e-02 5.901675205677747726e-03 9.478905703872442245e-04 8.953858017921447754e-01
3.871343797072768211e-03 8.665399946039542556e-05 4.462135210633277893e-02 3.700565430335700512e-04 9.751862671691924334e-05 9.491702318191528320e-01 1.782858045771718025e-03
1.144675537943840027e-01 8.075407822616398335e-04 2.995494753122329712e-02 1.939176209270954132e-02 3.599260700866580009e-03 6.175501644611358643e-02 7.700238823890686035e-01
1.246679690666496754e-03 2.354135358473286033e-04 7.895151502452790737e-04 7.253167629241943359e-01 7.567680440843105316e-04 2.955102361738681793e-02 2.421039044857025146e-01
4.591396282194182277e-05 9.997776942327618599e-06 2.523485454730689526e-05 9.998070597648620605e-01 2.849914199032355100e-05 3.398879925953224301e-05 4.933239324600435793e-05
4.759525880217552185e-02 1.021469361148774624e-03 2.608097717165946960e-02 1.762555353343486786e-02 4.670167863368988037e-01 6.893912795931100845e-03 4.337660372257232666e-01
2.248753153253346682e-04 3.264333645347505808e-05 9.587001113686710596e-05 3.443119823932647705e-01 3.559870528988540173e-04 6.766979349777102470e-04 6.543020009994506836e-01
7.967599481344223022e-02 3.925262717530131340e-04 3.216394037008285522e-02 1.152024487964808941e-03 7.145997951738536358e-04 8.755322694778442383e-01 1.036863122135400772e-02
2.164288610219955444e-02 5.687509546987712383e-04 5.407521128654479980e-01 1.064768340438604355e-02 3.229263797402381897e-02 5.336257070302963257e-02 3.407332897186279297e-01
2.749039958871435374e-05 6.402791314030764624e-06 1.426358630851609632e-05 9.998960494995117188e-01 1.549389344290830195e-05 2.445608697598800063e-05 1.580549542268272489e-05
5.717482417821884155e-03 1.731824340822640806e-05 3.310503379907459021e-04 9.470344521105289459e-04 6.715114577673375607e-04 3.609256527852267027e-04 9.919547438621520996e-01
1.572487177327275276e-03 5.181110464036464691e-05 2.894899575039744377e-03 7.033908739686012268e-03 4.363123793154954910e-03 1.251091598533093929e-03 9.828327298164367676e-01
7.872272282838821411e-03 1.360495371045544744e-04 1.467797090299427509e-03 4.461820237338542938e-03 3.704466670751571655e-02 2.477428875863552094e-03 9.465399384498596191e-01
4.682363476604223251e-03 3.650614235084503889e-04 8.192952275276184082e-01 4.693536553531885147e-03 1.376343425363302231e-02 1.337462365627288818e-01 2.345418371260166168e-02
1.619650796055793762e-02 1.989653566852211952e-03 1.043552905321121216e-01 1.433686614036560059e-01 1.400123685598373413e-01 9.590292721986770630e-02 4.981746673583984375e-01
3.984829038381576538e-02 3.729291784111410379e-04 8.023127913475036621e-02 1.269864384084939957e-03 1.342072035185992718e-03 8.524284958839416504e-01 2.450704202055931091e-02
4.748265258967876434e-03 3.303000412415713072e-04 1.239540404640138149e-03 4.509563446044921875e-01 1.949613331817090511e-03 1.164126023650169373e-02 5.291346907615661621e-01
9.760373504832386971e-04 3.612388973124325275e-04 3.254684852436184883e-03 8.469861149787902832e-01 2.065033651888370514e-03 5.686287209391593933e-02 8.949401229619979858e-02
2.824749099090695381e-03 3.780168190132826567e-04 1.548586785793304443e-02 1.289336085319519043e-01 1.633539563044905663e-03 1.612593233585357666e-01 6.894848942756652832e-01
7.442541886121034622e-03 1.253813097719103098e-04 2.913177013397216797e-03 5.572670488618314266e-04 7.827074296073988080e-05 9.867776632308959961e-01 2.105648396536707878e-03
4.592979326844215393e-03 3.376480890437960625e-05 3.591504064388573170e-04 6.962408777326345444e-03 7.210581097751855850e-04 5.541699356399476528e-04 9.867764115333557129e-01
4.289560019969940186e-03 1.106334748328663409e-04 3.034795168787240982e-03 3.748847870156168938e-03 1.708062551915645599e-02 5.966618191450834274e-03 9.657689332962036133e-01
3.043619915843009949e-03 1.151832402683794498e-04 5.539440317079424858e-04 2.396369120106101036e-03 7.246256470680236816e-01 6.125564104877412319e-04 2.686527073383331299e-01
5.922770593315362930e-03 4.384706335258670151e-05 6.266099517233669758e-04 5.730328150093555450e-03 2.019831910729408264e-03 5.575491231866180897e-04 9.850990772247314453e-01
1.613053493201732635e-02 7.077697664499282837e-04 3.326399251818656921e-02 2.155586890876293182e-02 1.720020663924515247e-03 6.267679929733276367e-01 2.998537123203277588e-01
1.018356159329414368e-02 4.715441900771111250e-04 3.514957726001739502e-01 1.936043053865432739e-02 8.440095931291580200e-03 1.327273100614547729e-01 4.773213565349578857e-01
4.250503261573612690e-04 5.365522156353108585e-05 1.807314984034746885e-04 2.779498100280761719e-01 8.029094897210597992e-04 8.417874341830611229e-04 7.197461128234863281e-01
5.033256951719522476e-03 3.270071756560355425e-04 6.120129837654531002e-04 7.049196958541870117e-01 1.284311339259147644e-02 1.196252647787332535e-03 2.750686407089233398e-01
4.480089992284774780e-02 1.595290610566735268e-03 4.565289318561553955e-01 4.411739483475685120e-02 5.098539218306541443e-02 1.808480918407440186e-01 2.211239486932754517e-01
1.776071731001138687e-04 1.927843914018012583e-05 1.201785780722275376e-04 9.166648238897323608e-02 4.270644858479499817e-04 3.326230216771364212e-04 9.072567820549011230e-01
4.889687001705169678e-01 2.532639773562550545e-04 1.186824170872569084e-03 9.003331651911139488e-04 1.441582920961081982e-03 6.465143058449029922e-03 5.007841587066650391e-01
5.805010907351970673e-03 8.975721721071749926e-05 8.830051869153976440e-03 3.560284152626991272e-03 2.041391655802726746e-02 1.228510634973645210e-03 9.600725769996643066e-01
2.279752492904663086e-02 1.782257895683869720e-04 2.802404342219233513e-03 6.315252929925918579e-02 2.817910630255937576e-03 1.485982211306691170e-03 9.067654609680175781e-01
5.657409201376140118e-04 1.153006887761875987e-04 7.038476760499179363e-04 1.144471112638711929e-03 4.041061329189687967e-04 9.677981138229370117e-01 2.926844544708728790e-02
4.916573688387870789e-02 1.597975642653182149e-04 5.755080492235720158e-04 8.911811164580285549e-04 1.346447505056858063e-03 9.095489047467708588e-03 9.387657642364501953e-01
2.199361287057399750e-02 2.092574955895543098e-03 1.023870706558227539e-01 5.652125924825668335e-02 1.350782513618469238e-01 2.858177423477172852e-01 3.961094617843627930e-01
1.838383846916258335e-03 5.457865772768855095e-04 9.361502714455127716e-03 3.439909219741821289e-01 1.709298085188493133e-04 6.411189436912536621e-01 2.973496448248624802e-03
7.683975622057914734e-03 2.691468980628997087e-04 7.517851190641522408e-04 2.250690162181854248e-01 6.932138931006193161e-03 3.061656840145587921e-03 7.562322616577148438e-01
2.461805753409862518e-02 2.429568412480875850e-04 1.768930107355117798e-01 2.734302077442407608e-03 1.725300773978233337e-02 2.301274053752422333e-02 7.552459239959716797e-01
2.755227978923358023e-05 6.155676146590849385e-06 1.651212005526758730e-05 9.998871088027954102e-01 1.542244717711582780e-05 2.528269396862015128e-05 2.190805571444798261e-05
3.162516441079787910e-05 7.355235084105515853e-06 1.471207633585436270e-05 9.998804330825805664e-01 1.776003591658081859e-05 2.448163286317139864e-05 2.368985951761715114e-05
1.442518550902605057e-04 1.492370211053639650e-05 1.179093160317279398e-04 6.714546680450439453e-02 2.624020562507212162e-04 3.543650964275002480e-04 9.319607019424438477e-01
4.259566217660903931e-02 1.746813999488949776e-03 2.864065170288085938e-01 2.810178324580192566e-02 3.633969649672508240e-02 4.696684777736663818e-01 1.351410150527954102e-01
9.802054166793823242e-01 1.154928817413747311e-03 1.689358497969806194e-03 2.072913106530904770e-03 6.890981458127498627e-03 4.605753347277641296e-03 3.380686044692993164e-03
1.567352795973420143e-03 1.537148091301787645e-05 2.630339877214282751e-04 1.707816962152719498e-03 7.225667941384017467e-04 4.013561410829424858e-04 9.953224062919616699e-01
2.392597962170839310e-03 1.671084028203040361e-04 1.305471058003604412e-03 9.363792538642883301e-01 6.428821361623704433e-04 1.999721629545092583e-03 5.711290612816810608e-02
5.268356180749833584e-04 8.612505916971713305e-05 5.033286754041910172e-03 1.368777826428413391e-03 3.536103031365200877e-05 9.925157427787780762e-01 4.338473954703658819e-04
2.851661520253401250e-05 8.395294571528211236e-06 2.320029852853622288e-05 9.997982382774353027e-01 3.477185600786469877e-05 2.463766031723935157e-05 8.230101229855790734e-05
3.041751449927687645e-03 1.664063747739419341e-04 1.796083757653832436e-03 4.254743456840515137e-01 1.129750744439661503e-03 1.905955490656197071e-03 5.664857625961303711e-01
2.674775896593928337e-04 4.984069619240472093e-06 1.072312370524741709e-04 1.586340018548071384e-03 4.407853411976248026e-04 1.315266272285953164e-04 9.974616765975952148e-01
6.687728688120841980e-03 3.195450117345899343e-04 3.298600669950246811e-03 5.939377937465906143e-03 5.871923565864562988e-01 2.630234695971012115e-03 3.939321041107177734e-01
2.579032778739929199e-01 8.948246832005679607e-04 6.903274357318878174e-02 3.073067637160420418e-03 1.911073736846446991e-02 1.499045044183731079e-01 5.000808835029602051e-01
8.339813351631164551e-02 1.974198501557111740e-03 1.891265064477920532e-02 1.079775616526603699e-01 1.519665122032165527e-02 7.152569293975830078e-02 7.010151147842407227e-01
5.969798803562298417e-05 2.599143044790253043e-05 7.976278662681579590e-03 3.134713551844470203e-05 1.001466534944484010e-05 9.918814301490783691e-01 1.520491696282988414e-05
1.003911951556801796e-03 1.027515172609128058e-04 5.872983601875603199e-04 2.721542418003082275e-01 1.266563893295824528e-03 5.110691767185926437e-03 7.197745442390441895e-01
3.501855535432696342e-03 1.731857810227666050e-05 4.627067246474325657e-04 1.393679995089769363e-03 6.655625184066593647e-04 3.801430866587907076e-04 9.935786724090576172e-01
1.662747468799352646e-03 4.011006385553628206e-04 1.665849704295396805e-03 2.833104729652404785e-01 4.157133772969245911e-02 4.420362412929534912e-03 6.669680476188659668e-01
1.556350383907556534e-03 6.888531788717955351e-05 2.081283892039209604e-04 1.443480104207992554e-01 1.547509338706731796e-03 4.338659346103668213e-04 8.518371582031250000e-01
2.809873223304748535e-02 1.204265514388680458e-03 4.349787235260009766e-01 4.411931335926055908e-02 2.977276220917701721e-02 9.906351566314697266e-02 3.627626299858093262e-01
6.951177716255187988e-01 1.640320406295359135e-03 1.069609671831130981e-01 1.630844362080097198e-02 8.394745178520679474e-03 2.607132680714130402e-02 1.455064266920089722e-01
2.220361726358532906e-03 1.750367373460903764e-04 2.238098531961441040e-04 9.942021965980529785e-01 1.721605891361832619e-03 3.819873672910034657e-04 1.074946834705770016e-03
3.552288762875832617e-05 8.919475476432126015e-06 1.778584191924892366e-05 9.998667240142822266e-01 1.457578218833077699e-05 4.120357334613800049e-05 1.516741758678108454e-05
8.628916111774742603e-05 1.341600363957695663e-05 4.043890658067539334e-05 9.996831417083740234e-01 4.416480078361928463e-05 4.466201062314212322e-05 8.799442730378359556e-05
3.924864903092384338e-02 4.190175386611372232e-04 2.288248157128691673e-03 3.373499512672424316e-01 5.160439759492874146e-03 1.706765149720013142e-03 6.138269901275634766e-01
5.125004798173904419e-03 2.101387071888893843e-04 3.080733716487884521e-01 1.816866337321698666e-03 1.342281466349959373e-03 6.680325865745544434e-01 1.539969164878129959e-02
8.899718523025512695e-03 4.340595623943954706e-04 7.357903122901916504e-01 8.505605161190032959e-03 8.109420537948608398e-03 1.473186761140823364e-01 9.094223380088806152e-02
1.169474329799413681e-03 5.988593329675495625e-04 2.814924716949462891e-02 6.753817200660705566e-01 2.358949743211269379e-03 2.550771534442901611e-01 3.726452961564064026e-02
2.953196599264629185e-05 7.469393040082650259e-06 1.392844478687038645e-05 9.998886585235595703e-01 1.622888885322026908e-05 2.689393113541882485e-05 1.732895543682388961e-05
6.358983227983117104e-04 1.782461913535371423e-04 1.022310089319944382e-02 8.201621174812316895e-01 1.149564399383962154e-03 8.770540356636047363e-03 1.588805764913558960e-01
5.387568846344947815e-03 2.759237577265594155e-05 1.974439946934580803e-04 1.713123754598200321e-03 1.972140307771041989e-04 1.934992033056914806e-03 9.905421137809753418e-01
