1.038018614053726196e-03
1.104946248233318329e-02
3.426440656185150146e-01
2.322552725672721863e-02
6.735018105246126652e-04
2.665222622454166412e-03
3.638818161562085152e-04
1.106830909848213196e-01
9.258874692022800446e-03
2.108003497123718262e-01
1.887641847133636475e-03
3.125050105154514313e-03
1.348160440102219582e-03
3.038644418120384216e-02
9.080346208065748215e-04
2.956335083581507206e-04
2.015020325779914856e-02
8.472998626530170441e-03
1.198842306621372700e-03
7.078360067680478096e-04
1.362743135541677475e-02
5.414318875409662724e-04
4.312084347475320101e-04
3.156177932396531105e-03
1.427227258682250977e-01
1.289910578634589911e-04
3.944141324609518051e-03
2.262459835037589073e-03
4.273177764844149351e-04
8.075109720230102539e-01
1.467548863729462028e-04
8.988881483674049377e-03
7.483793306164443493e-04
3.373340703547000885e-03
1.887641847133636475e-03
6.260904669761657715e-02
5.286300089210271835e-03
2.322514774277806282e-03
1.608678867341950536e-04
5.731778219342231750e-04
2.107139880536124110e-05
7.324104662984609604e-04
1.669375412166118622e-02
5.591092165559530258e-03
9.380489587783813477e-01
7.589460164308547974e-02
5.098619498312473297e-03
9.964265227317810059e-01
7.530437707901000977e-01
9.920601844787597656e-01
7.421615300700068474e-04
2.614147029817104340e-03
2.765681529126595706e-05
9.478905703872442245e-04
3.398879925953224301e-05
5.266378633677959442e-03
6.430933135561645031e-04
2.448163286317139864e-05
3.179402265232056379e-04
2.023598877713084221e-03
