9.859009385108947754e-01
7.791191339492797852e-01
4.693572521209716797e-01
9.252389073371887207e-01
5.741934776306152344e-01
4.803618416190147400e-03
5.430654883384704590e-01
7.536140084266662598e-01
5.954867601394653320e-02
3.133720457553863525e-01
2.402839064598083496e-01
7.396175861358642578e-01
9.617046117782592773e-01
1.002548784017562866e-01
9.827540516853332520e-01
9.863227605819702148e-01
6.035311818122863770e-01
1.148978918790817261e-01
9.910485744476318359e-01
9.923620223999023438e-01
8.063551783561706543e-01
8.682811260223388672e-01
5.001876950263977051e-01
7.352842688560485840e-01
2.431727498769760132e-01
9.903811812400817871e-01
5.784040316939353943e-02
9.851292371749877930e-01
9.938507080078125000e-01
3.493241220712661743e-02
9.977986216545104980e-01
1.545693073421716690e-02
9.893565773963928223e-01
2.809523940086364746e-01
2.402839064598083496e-01
3.942431509494781494e-01
2.596232891082763672e-01
9.565553665161132812e-01
9.977537989616394043e-01
2.609359659254550934e-02
1.566605715197511017e-05
9.759747982025146484e-01
1.234007626771926880e-01
7.555986940860748291e-02
1.899134251289069653e-03
2.186083346605300903e-01
7.991206645965576172e-01
2.248662713100202382e-05
4.449068382382392883e-02
6.525557255372405052e-04
9.422677159309387207e-01
4.921894967555999756e-01
2.678443888726178557e-05
8.953858017921447754e-01
4.933239324600435793e-05
7.871007323265075684e-01
9.813318252563476562e-01
2.368985951761715114e-05
9.847160577774047852e-01
7.101835012435913086e-01
