9.735197760164737701e-03
2.035188972949981689e-01
1.226245611906051636e-02
3.473898768424987793e-02
4.219916164875030518e-01
8.785204845480620861e-04
3.905074298381805420e-01
4.968878999352455139e-02
6.014744043350219727e-01
3.773824870586395264e-02
6.092546042054891586e-03
6.908914074301719666e-03
2.942691743373870850e-02
8.659936189651489258e-01
6.329725030809640884e-03
1.176479924470186234e-02
2.095827609300613403e-01
8.717942237854003906e-01
6.364041008055210114e-03
6.421533413231372833e-03
3.624791745096445084e-03
3.593309083953499794e-03
4.951820373535156250e-01
3.414374077692627907e-03
2.417434193193912506e-02
8.756910450756549835e-03
4.900158382952213287e-03
5.730364937335252762e-03
2.724790014326572418e-03
2.093114890158176422e-03
6.274186889640986919e-04
1.664093732833862305e-01
2.386537613347172737e-03
2.517255395650863647e-02
6.092546042054891586e-03
4.995299279689788818e-01
7.494597812183201313e-04
3.568175481632351875e-03
1.342723495326936245e-03
5.146996583789587021e-03
9.999126195907592773e-01
2.031410858035087585e-02
8.535997271537780762e-01
1.034906692802906036e-02
1.575235277414321899e-02
1.508780848234891891e-02
7.356984168291091919e-02
6.654870958300307393e-05
2.442139433696866035e-03
4.126321000512689352e-04
5.199482291936874390e-02
4.964894950389862061e-01
9.998612403869628906e-01
1.259835250675678253e-02
9.998070597648620605e-01
6.024111807346343994e-02
1.592203974723815918e-02
9.998804330825805664e-01
1.085598766803741455e-02
2.837008535861968994e-01
