1.336687593720853329e-03
1.297568669542670250e-03
1.678274869918823242e-01
1.897137379273772240e-03
5.784609820693731308e-04
2.162221819162368774e-03
5.399795481935143471e-04
2.359436638653278351e-02
1.162922605872154236e-01
3.535156846046447754e-01
1.322369575500488281e-01
4.706563428044319153e-03
8.244452765211462975e-04
1.821008860133588314e-03
9.519284358248114586e-04
5.893230627407319844e-05
4.033525288105010986e-02
1.010298263281583786e-03
1.507306733401492238e-04
2.013608609559014440e-04
4.221170209348201752e-03
7.627240265719592571e-04
1.694678940111771226e-04
3.643929027020931244e-03
4.998024404048919678e-01
5.890801912755705416e-05
2.163574099540710449e-02
7.912029395811259747e-04
2.629673981573432684e-04
1.258255690336227417e-01
2.045316068688407540e-04
7.753432989120483398e-01
1.323680509813129902e-03
1.675674133002758026e-02
1.322369575500488281e-01
1.337984763085842133e-02
4.139968077652156353e-04
1.906183175742626190e-02
1.209727633977308869e-04
1.396579784341156483e-03
1.062825413100654259e-05
5.759747582487761974e-04
3.996039275079965591e-03
1.150004379451274872e-02
4.016989096999168396e-02
5.852345228195190430e-01
1.282951701432466507e-02
3.383994102478027344e-03
1.717673391103744507e-01
6.274131126701831818e-03
3.101964539382606745e-04
7.094111060723662376e-04
1.785120184649713337e-05
3.025152906775474548e-02
2.523485454730689526e-05
8.662254363298416138e-02
1.756038691382855177e-04
1.471207633585436270e-05
1.740100560709834099e-03
1.077930908650159836e-03
