6.583060603588819504e-04
2.249785233289003372e-03
1.534465351141989231e-03
1.450249576009809971e-03
2.204878255724906921e-03
9.652567096054553986e-03
6.431304663419723511e-02
5.488213151693344116e-02
2.079042047262191772e-01
5.028451234102249146e-02
6.180380582809448242e-01
2.217599302530288696e-01
1.963543007150292397e-03
7.346097845584154129e-04
8.691308088600635529e-03
1.395897939801216125e-03
1.187500134110450745e-01
7.059374474920332432e-04
8.614464895799756050e-04
2.338206977583467960e-04
7.036699913442134857e-03
7.159165292978286743e-02
2.729997038841247559e-03
2.498035728931427002e-01
7.938434183597564697e-02
4.533944593276828527e-04
7.778987884521484375e-01
2.537760883569717407e-03
7.292767986655235291e-04
1.727871946059167385e-03
7.351656095124781132e-04
3.160521388053894043e-02
4.939167294651269913e-03
1.694410666823387146e-02
6.180380582809448242e-01
2.432109043002128601e-02
5.546222091652452946e-04
1.721687801182270050e-02
3.657226625364273787e-04
3.186878561973571777e-02
1.528428219899069518e-05
1.999434782192111015e-03
1.481829443946480751e-03
3.862635698169469833e-03
2.821995585691183805e-04
6.722526252269744873e-02
1.057571098208427429e-01
9.534712262393441051e-06
4.933026619255542755e-03
8.388031710637733340e-05
3.378302324563264847e-03
3.364276140928268433e-03
2.384880463068839163e-05
5.901675205677747726e-03
2.849914199032355100e-05
5.479565262794494629e-02
1.338095869868993759e-03
1.776003591658081859e-05
2.009643241763114929e-03
1.583646866492927074e-03
