3.921784445992670953e-05
2.784887328743934631e-04
2.908120804931968451e-04
2.185328048653900623e-04
8.351779251825064421e-05
6.843898445367813110e-04
1.852850109571591020e-04
8.770219865255057812e-04
1.556218368932604790e-03
1.484918408095836639e-03
3.844336606562137604e-04
4.234019143041223288e-04
9.720752132125198841e-05
2.014866622630506754e-04
3.741021646419540048e-05
1.370328936900477856e-05
1.032374333590269089e-03
2.684014325495809317e-04
2.074428448395337909e-05
6.416669748432468623e-06
5.308323306962847710e-04
2.102106955135241151e-04
1.098380380426533520e-04
1.972684694919735193e-04
9.623974910937249660e-04
7.682097020733635873e-06
1.170308911241590977e-03
5.913545828661881387e-05
1.892960608529392630e-05
4.185040597803890705e-04
5.608370884147007018e-06
9.832365904003381729e-04
2.968023727589752525e-05
1.626627752557396889e-03
3.844336606562137604e-04
1.111459918320178986e-03
1.969656586879864335e-04
8.304848597617819905e-05
4.772238753503188491e-06
6.788368336856365204e-04
5.580186552833765745e-06
3.553152419044636190e-05
2.579969295766204596e-04
9.149138350039720535e-04
3.431937075220048428e-04
9.605252416804432869e-04
3.994963190052658319e-04
2.479821159795392305e-05
5.426337011158466339e-04
5.030594911659136415e-05
6.177173054311424494e-05
2.311676362296566367e-04
8.324324880959466100e-06
1.780175807652994990e-04
9.997776942327618599e-06
3.557062300387769938e-04
3.092205588473007083e-05
7.355235084105515853e-06
2.076691635011229664e-05
1.395470462739467621e-04
