7.000000000000000000e+00
3.000000000000000000e+00
9.000000000000000000e+00
6.000000000000000000e+00
6.000000000000000000e+00
7.000000000000000000e+00
9.000000000000000000e+00
7.000000000000000000e+00
2.121320343559642652e+01
3.000000000000000000e+00
6.000000000000000000e+00
3.000000000000000000e+00
3.000000000000000000e+00
6.000000000000000000e+00
3.000000000000000000e+00
1.100000000000000000e+01
5.656854249492380582e+00
3.000000000000000000e+00
1.044030650891055068e+01
3.000000000000000000e+00
7.000000000000000000e+00
3.000000000000000000e+00
6.708203932499369415e+00
7.000000000000000000e+00
5.000000000000000000e+00
4.414748010928823163e+01
3.000000000000000000e+00
4.000000000000000000e+00
6.000000000000000000e+00
7.000000000000000000e+00
4.242640687119284770e+00
7.000000000000000000e+00
6.000000000000000000e+00
2.022374841615668473e+01
1.000000000000000000e+01
3.000000000000000000e+00
3.000000000000000000e+00
1.900000000000000000e+01
2.418677324489564739e+01
3.000000000000000000e+00
4.393176527297759293e+01
4.002499219237900263e+01
4.000000000000000000e+00
6.000000000000000000e+00
2.000000000000000000e+01
7.000000000000000000e+00
3.100000000000000000e+01
7.000000000000000000e+00
2.600000000000000000e+01
1.000000000000000000e+01
6.708203932499369415e+00
