-2.094911629513874729e+01
-7.248316454013935761e+00
2.269274618472325145e+00
8.907399185707834732e+00
-3.362428601823422625e+00
1.641603317543392837e+00
-4.348593303334170379e+00
1.690004593932628474e+00
2.232471968915430871e+00
-1.669745478694639829e+01
-3.117131623702121601e+01
-6.302903185432058297e-01
-9.587136993641064420e-01
5.486043927271786025e+00
-1.323935434661924759e+01
7.638932094002053752e+00
1.751073013128630618e-01
5.595900162832995406e+00
-5.439417963205773532e+00
-6.802476769797886069e-01
3.280037176607619642e+01
3.162881679732918894e+00
2.794484176765449579e+00
-3.912130635208423968e-01
4.994195524285591326e+00
-1.558563431101349828e+01
8.119704898875633958e+00
4.883210344265492608e+00
-2.134127563356441826e+01
-1.931203505523545871e+01
-2.301891069387840005e+01
2.083747642371079234e+00
-6.434694980331378211e+00
3.461656338521278542e+01
-3.117131623702121601e+01
-3.875532380671851573e+00
3.827040093663023157e+01
-2.278822414536341867e+01
-1.493825895729491293e+01
3.141484227950575026e+00
4.709726917060010898e+00
-2.426109386416225533e+00
1.526813407544673096e+00
-8.789376790156316233e+00
1.915388802290957537e+00
-1.668083543249103329e+01
2.361308440155197363e+00
5.776075832781759622e+00
-1.880206056471631015e+01
-1.846563881980030786e+01
-3.277348653145733426e+00
-1.370546790652445335e+00
-1.218640982394072703e+00
-6.033319706979784591e+00
-3.538131225169674821e+00
2.487034761634214330e+00
2.770553371821162258e+01
2.023717730118697045e+00
-7.813900841309290080e+00
1.668601814151469043e+01
