1.787069482437306931e+02
-1.793733642984577443e+02
-1.793022523495864107e+02
-1.793070088637866206e+02
-1.785780517021365483e+02
-1.784963203202987927e+02
-1.773162607434046265e+02
-1.776732740794344920e+02
-1.777304520255211173e+02
-1.794857395429994824e+02
-9.924765722694060344e+01
-1.784705714166163659e+02
-1.787108844482139887e+02
-1.793291772086294884e+02
-1.735301508016469541e+02
-1.701885396816763034e+02
-1.780400176414283067e+02
-1.788449399564347857e+02
1.799869272734518404e+02
-1.792761000044696971e+02
-1.764882599397205922e+02
-1.794649063291521429e+02
-1.787058857824835627e+02
-1.780368281531455636e+02
1.798257319454466767e+02
-1.791749216553819224e+02
-1.791056593454119650e+02
-1.796595658056159266e+02
-1.780632878038725835e+02
-1.796575411328364567e+02
-1.780618475315641831e+02
1.794388908000383651e+02
-1.791988309865778604e+02
-1.782966348285422384e+02
-9.924765722694060344e+01
-1.779957259096414646e+02
-1.799169077499991261e+02
1.742585265570207298e+02
-1.750071078025576696e+02
-1.791070617038218415e+02
-1.778094296072055727e+02
1.799847023854976555e+02
-1.789948026754483124e+02
-1.782881961774751858e+02
-1.789625456932188001e+02
-1.782663838899823929e+02
-1.784004928318718726e+02
-1.774725504038365784e+02
-1.792156449526655706e+02
-1.784351719775324625e+02
-1.784900439994805765e+02
-1.782210436728777836e+02
-1.776038561995919736e+02
1.796763679635252515e+02
1.797823848160694808e+02
-1.781301862786125980e+02
-1.787918195960933758e+02
-1.799887272601384041e+02
-1.789078696584547856e+02
-1.780135800760288305e+02
