-7.153281981684846080e+00
-1.066296537276608269e+01
-2.542273313563832460e+00
-6.669310718159803919e+00
-1.419243055715801916e+01
3.712454932527658458e-01
-1.612531021342519466e+01
2.280779007595918340e-01
-1.607561584149783940e+01
-2.764888840662786862e+01
-1.159147730132817244e+01
-2.063407707743648789e+00
-1.414918744670480422e+01
-4.260194143621443885e+00
-3.219097642878470111e+01
-1.611357059731037378e+00
-1.085136893310772142e-02
-3.059190615002714608e+00
7.517312942408802101e+00
-2.303932919052440909e+01
-2.828455696410710019e+01
1.098456470357420889e+00
-7.676920306893628698e+00
-1.095640091679493366e+01
3.787842307152331500e+00
-2.416293557181536045e+01
-5.767007042243641024e+00
3.696399915717652807e+00
-3.730600879249386992e+01
-3.161450494450799198e+01
-3.767821868961650011e+01
4.426060442443891851e+00
-1.107103229693916902e+01
-2.314623405286173607e+01
-1.159147730132817244e+01
-1.881153366368547708e+01
-2.526337602186081810e+01
-1.714694761913468923e+01
-4.349487328885590642e+01
1.369515894932420208e+00
-5.702343381528411914e-01
-3.041324539806512561e+01
-1.297737647708268760e+01
-5.555913320013820211e+00
-1.126056398289664173e+01
-3.072390992135950682e+01
1.916016346499066048e+00
-1.589262108775756310e+01
-3.639610663593008155e+01
-3.755120095231687571e+01
-6.536419621938402535e+00
-7.586337514330155685e+00
-1.331389860090940402e+01
-2.087312589435012100e+01
-2.017498367286266259e+01
1.934299372295280373e+00
-2.088200854137377860e+01
-1.632236073401505294e+01
-4.089614477185995156e+01
-2.003782004578908982e+01
