1.141113281250000000e+00 -1.503908634185791016e-02
1.156543016433715820e+00 -3.662109375000000000e-02
7.677246332168579102e-01 -1.359862089157104492e-02
5.101807117462158203e-01 -7.041013240814208984e-02
4.644287228584289551e-01 -2.496093809604644775e-01
6.642822027206420898e-01 -2.422119081020355225e-01
8.707032203674316406e-01 1.099121570587158203e-01
6.655273437500000000e-01 -7.067871093750000000e-02
5.548095703125000000e-01 3.015136718750000000e-02
5.237060785293579102e-01 5.520021915435791016e-02
8.895019292831420898e-01 -1.349853575229644775e-01
1.057568311691284180e+00 2.929687500000000000e-02
8.341553211212158203e-01 1.397216916084289551e-01
8.142821788787841797e-01 1.653564572334289551e-01
7.962157726287841797e-01 1.851318478584289551e-01
7.952148914337158203e-01 2.817138433456420898e-01
6.730225086212158203e-01 3.080566525459289551e-01
6.893066167831420898e-01 2.990722656250000000e-01
5.682373046875000000e-01 3.006103038787841797e-01
5.964599847793579102e-01 2.652587890625000000e-01
5.720703601837158203e-01 8.859860897064208984e-02
7.329344749450683594e-01 -3.281250596046447754e-02
1.061718702316284180e+00 -6.396472454071044922e-03
1.396533250808715820e+00 -1.339599490165710449e-01
1.663574218750000000e+00 -2.541015744209289551e-01
1.252148389816284180e+00 -1.066161990165710449e-01
1.026513576507568359e+00 8.398413658142089844e-03
9.081299304962158203e-01 5.393064022064208984e-02
6.805664300918579102e-01 5.549311637878417969e-02
6.308593750000000000e-01 -8.334961533546447754e-02
9.161865711212158203e-01 -7.001954317092895508e-02
