1.141113281250000000e+00
1.156543016433715820e+00
7.677246332168579102e-01
5.101807117462158203e-01
4.644287228584289551e-01
6.642822027206420898e-01
8.707032203674316406e-01
6.655273437500000000e-01
5.548095703125000000e-01
5.237060785293579102e-01
8.895019292831420898e-01
1.057568311691284180e+00
8.341553211212158203e-01
8.142821788787841797e-01
7.962157726287841797e-01
7.952148914337158203e-01
6.730225086212158203e-01
6.893066167831420898e-01
5.682373046875000000e-01
5.964599847793579102e-01
5.720703601837158203e-01
7.329344749450683594e-01
1.061718702316284180e+00
1.396533250808715820e+00
1.663574218750000000e+00
1.252148389816284180e+00
1.026513576507568359e+00
9.081299304962158203e-01
6.805664300918579102e-01
6.308593750000000000e-01
9.161865711212158203e-01
