-1.503908634185791016e-02
-3.662109375000000000e-02
-1.359862089157104492e-02
-7.041013240814208984e-02
-2.496093809604644775e-01
-2.422119081020355225e-01
1.099121570587158203e-01
-7.067871093750000000e-02
3.015136718750000000e-02
5.520021915435791016e-02
-1.349853575229644775e-01
2.929687500000000000e-02
1.397216916084289551e-01
1.653564572334289551e-01
1.851318478584289551e-01
2.817138433456420898e-01
3.080566525459289551e-01
2.990722656250000000e-01
3.006103038787841797e-01
2.652587890625000000e-01
8.859860897064208984e-02
-3.281250596046447754e-02
-6.396472454071044922e-03
-1.339599490165710449e-01
-2.541015744209289551e-01
-1.066161990165710449e-01
8.398413658142089844e-03
5.393064022064208984e-02
5.549311637878417969e-02
-8.334961533546447754e-02
-7.001954317092895508e-02
