-1.119199107190465803e+01 -5.001430094774978130e+00 -1.788075391320491292e+02
5.572223414742291325e+00 2.237239966447671335e+01 -1.769580686520735355e+02
2.784261079002100736e+00 -1.152777960363333953e+01 1.750019776503152684e+02
-3.281441558944065751e+00 -8.053998749870897811e+00 1.789009108276694917e+02
-6.995451364112558856e+00 1.473579824940619787e+01 -1.785323766269942780e+02
-7.566718543369305827e+00 1.898425755061478171e+01 -1.790933089008383376e+02
1.712558195927926796e+00 1.683801609375459662e+01 -1.761911901829255100e+02
5.445470802660261178e+00 7.658611819103584573e+00 -1.786132564975070522e+02
-2.611645478203983473e+01 -3.547103161143436267e+01 -1.760995703666471570e+02
-1.523142807318548009e+01 -2.072964790183744199e+01 -1.797494345754365952e+02
4.202950046035227594e+00 -1.303880906622783797e+01 1.797368189487777670e+02
-2.619375074622751143e+01 -1.603619391360390267e+01 -1.786741786663246501e+02
-1.484301578331578497e+01 -1.155434795584972107e+01 -1.775809362028702481e+02
-2.848974256917400538e+01 -9.262217946569904825e+00 -1.780086208586248802e+02
-9.135460455363954679e+00 -2.471821381853902988e+00 -1.797964368854777888e+02
4.384685156584046339e+00 6.853006199012876998e+00 -1.797646197694942032e+02
6.468046925193652541e+00 5.404989988829403735e+00 1.791370903241705719e+02
-1.464471886539023693e+01 1.938930283308007541e+00 -1.787509777971468452e+02
-4.042642478837134234e+01 -1.760589445479053339e+01 1.775949217357984367e+02
-9.731964582827268728e+00 3.053113547597389044e+01 -1.792643963044895656e+02
