6.201084703207015991e-03
1.202468865812988952e-05
2.216212888015434146e-04
3.355933004058897495e-04
1.568117340866592713e-06
9.496042912360280752e-05
1.160003557743038982e-05
1.414639700669795275e-04
1.227248958457494155e-05
9.631766442907974124e-05
3.200183346052654088e-05
9.249209688277915120e-05
6.545302458107471466e-04
2.262262714793905616e-04
1.955570915015414357e-04
1.537825301056727767e-05
8.361876098206266761e-06
4.996270945412106812e-06
1.088702119886875153e-04
2.487584133632481098e-04
1.311469168285839260e-05
3.605729546052316437e-07
2.110361092491075397e-04
1.455074925615917891e-05
1.091871945391176268e-05
2.227694130851887167e-05
7.350721280090510845e-04
1.838625175878405571e-04
