3.036344610154628754e-02
1.688737393124029040e-05
4.562971647828817368e-03
1.118221506476402283e-02
6.056477432139217854e-04
2.415389567613601685e-02
2.655882235558237880e-05
1.330866361968219280e-03
1.479860748077044263e-05
2.042253036051988602e-03
1.305992773268371820e-04
7.946621626615524292e-02
8.385653495788574219e-01
3.085357882082462311e-02
8.638259768486022949e-02
6.798955291742458940e-05
5.411970414570532739e-05
1.387819975207094103e-05
3.543660277500748634e-04
2.873662859201431274e-02
9.926682105287909508e-04
8.963973959907889366e-05
1.030309721827507019e-01
4.581820219755172729e-03
1.027886719384696335e-05
8.125941385515034199e-04
4.642703104764223099e-03
6.879778229631483555e-04
