4.688827320933341980e-02
2.994739224959630519e-05
3.983636386692523956e-03
1.222764793783426285e-02
4.128234650124795735e-05
4.294007376302033663e-04
4.490788342081941664e-05
4.386229556985199451e-04
3.957609442295506597e-05
9.247293346561491489e-04
1.140899912570603192e-04
5.221367464400827885e-04
8.787971921265125275e-03
8.330383570864796638e-04
4.049050621688365936e-04
3.934944834327325225e-05
2.530077108531259000e-05
1.309508206759346649e-05
7.411640399368479848e-05
2.866872528102248907e-04
1.358493318548426032e-04
3.313360502943396568e-05
4.197148373350501060e-04
1.821074838517233729e-04
2.526505340938456357e-05
1.672264188528060913e-04
6.441828329116106033e-03
9.531733812764286995e-04
