1.795052736997604370e-01
2.245335963380057365e-05
7.302171587944030762e-01
7.172609567642211914e-01
9.987735152244567871e-01
8.745613694190979004e-01
1.050206483341753483e-03
3.885817527770996094e-01
4.540044392342679203e-05
8.342518806457519531e-01
1.577665843069553375e-02
6.683172583580017090e-01
8.276385813951492310e-02
1.302258297801017761e-02
8.498198986053466797e-01
2.348736394196748734e-03
1.788429508451372385e-04
3.965497671742923558e-05
1.186048495583236217e-03
4.809763655066490173e-02
9.925169348716735840e-01
9.996622800827026367e-01
7.120042443275451660e-01
9.833111763000488281e-01
4.449765037861652672e-05
9.885565042495727539e-01
5.494545102119445801e-01
1.032237336039543152e-02
