2.994739224959630519e-05 1.202468865812988952e-05 2.144180507457349449e-05 9.998195767402648926e-01 1.688737393124029040e-05 7.778163126204162836e-05 2.245335963380057365e-05
3.983636386692523956e-03 2.216212888015434146e-04 7.850570231676101685e-02 1.799244880676269531e-01 4.562971647828817368e-03 2.584331436082720757e-03 7.302171587944030762e-01
1.222764793783426285e-02 3.355933004058897495e-04 2.473078221082687378e-01 6.221098359674215317e-03 1.118221506476402283e-02 5.464699584990739822e-03 7.172609567642211914e-01
4.490788342081941664e-05 1.160003557743038982e-05 1.348286696156719700e-05 9.987128973007202148e-01 2.655882235558237880e-05 1.403334899805486202e-04 1.050206483341753483e-03
4.386229556985199451e-04 1.414639700669795275e-04 2.432744717225432396e-03 6.050844192504882812e-01 1.330866361968219280e-03 1.990119926631450653e-03 3.885817527770996094e-01
3.957609442295506597e-05 1.227248958457494155e-05 8.486672413710039109e-06 9.998187422752380371e-01 1.479860748077044263e-05 6.074317934690043330e-05 4.540044392342679203e-05
9.247293346561491489e-04 9.631766442907974124e-05 4.566551651805639267e-03 1.566797345876693726e-01 2.042253036051988602e-03 1.438510837033390999e-03 8.342518806457519531e-01
5.221367464400827885e-04 9.249209688277915120e-05 2.460653036832809448e-01 3.045517019927501678e-03 7.946621626615524292e-02 2.491053659468889236e-03 6.683172583580017090e-01
4.049050621688365936e-04 1.955570915015414357e-04 3.670828044414520264e-02 2.154324017465114594e-02 8.638259768486022949e-02 4.945561289787292480e-03 8.498198986053466797e-01
3.934944834327325225e-05 1.537825301056727767e-05 2.574348945927340537e-05 9.973033666610717773e-01 6.798955291742458940e-05 1.994137564906850457e-04 2.348736394196748734e-03
2.530077108531259000e-05 8.361876098206266761e-06 1.445158068236196414e-05 9.996796846389770508e-01 5.411970414570532739e-05 3.924834527424536645e-05 1.788429508451372385e-04
1.309508206759346649e-05 4.996270945412106812e-06 1.206810429721372202e-05 9.998778104782104492e-01 1.387819975207094103e-05 3.848792403005063534e-05 3.965497671742923558e-05
7.411640399368479848e-05 1.088702119886875153e-04 5.238731857389211655e-03 9.871031641960144043e-01 3.543660277500748634e-04 5.934732500463724136e-03 1.186048495583236217e-03
2.866872528102248907e-04 2.487584133632481098e-04 5.110478028655052185e-03 9.166546463966369629e-01 2.873662859201431274e-02 8.651288226246833801e-04 4.809763655066490173e-02
1.358493318548426032e-04 1.311469168285839260e-05 5.318797775544226170e-04 5.055875051766633987e-03 9.926682105287909508e-04 7.537553901784121990e-04 9.925169348716735840e-01
4.197148373350501060e-04 2.110361092491075397e-04 1.552316248416900635e-01 3.284573322162032127e-03 1.030309721827507019e-01 2.581784129142761230e-02 7.120042443275451660e-01
1.821074838517233729e-04 1.455074925615917891e-05 9.669954888522624969e-03 3.876907867379486561e-04 4.581820219755172729e-03 1.852663117460906506e-03 9.833111763000488281e-01
1.672264188528060913e-04 2.227694130851887167e-05 1.923424075357615948e-03 5.780572071671485901e-03 8.125941385515034199e-04 2.737391740083694458e-03 9.885565042495727539e-01
6.441828329116106033e-03 7.350721280090510845e-04 1.659417003393173218e-01 2.274762690067291260e-01 4.642703104764223099e-03 4.530791565775871277e-02 5.494545102119445801e-01
9.531733812764286995e-04 1.838625175878405571e-04 1.345195196336135268e-04 9.871297478675842285e-01 6.879778229631483555e-04 5.883412668481469154e-04 1.032237336039543152e-02
