1.594140380620956421e-01
7.778163126204162836e-05
2.584331436082720757e-03
5.464699584990739822e-03
7.778603321639820933e-05
7.198017556220293045e-03
1.403334899805486202e-04
1.990119926631450653e-03
6.074317934690043330e-05
1.438510837033390999e-03
3.233010356780141592e-04
2.491053659468889236e-03
9.251974988728761673e-04
3.094092011451721191e-03
4.945561289787292480e-03
1.994137564906850457e-04
3.924834527424536645e-05
3.848792403005063534e-05
5.934732500463724136e-03
8.651288226246833801e-04
7.537553901784121990e-04
1.660105044720694423e-05
2.581784129142761230e-02
1.852663117460906506e-03
1.036788235069252551e-04
2.737391740083694458e-03
4.530791565775871277e-02
5.883412668481469154e-04
