1.921940296888351440e-01
9.998195767402648926e-01
1.799244880676269531e-01
6.221098359674215317e-03
3.858490381389856339e-04
4.922073334455490112e-03
9.987128973007202148e-01
6.050844192504882812e-01
9.998187422752380371e-01
1.566797345876693726e-01
9.835989475250244141e-01
3.045517019927501678e-03
4.334992263466119766e-03
1.384542509913444519e-02
2.154324017465114594e-02
9.973033666610717773e-01
9.996796846389770508e-01
9.998778104782104492e-01
9.871031641960144043e-01
9.166546463966369629e-01
5.055875051766633987e-03
1.939407957252115011e-04
3.284573322162032127e-03
3.876907867379486561e-04
9.997976422309875488e-01
5.780572071671485901e-03
2.274762690067291260e-01
9.871297478675842285e-01
