3.854338526725769043e-01
2.144180507457349449e-05
7.850570231676101685e-02
2.473078221082687378e-01
1.143022018368355930e-04
8.864031732082366943e-02
1.348286696156719700e-05
2.432744717225432396e-03
8.486672413710039109e-06
4.566551651805639267e-03
2.442107506794854999e-05
2.460653036832809448e-01
6.396801024675369263e-02
9.381251335144042969e-01
3.670828044414520264e-02
2.574348945927340537e-05
1.445158068236196414e-05
1.206810429721372202e-05
5.238731857389211655e-03
5.110478028655052185e-03
5.318797775544226170e-04
4.065872872160980478e-06
1.552316248416900635e-01
9.669954888522624969e-03
7.636959708179347217e-06
1.923424075357615948e-03
1.659417003393173218e-01
1.345195196336135268e-04
