6.000000000000000000e+00
7.615773105863908654e+00
6.000000000000000000e+00
4.000000000000000000e+00
7.000000000000000000e+00
3.000000000000000000e+00
5.000000000000000000e+00
3.000000000000000000e+00
1.000000000000000000e+01
6.000000000000000000e+00
3.000000000000000000e+00
4.000000000000000000e+00
3.000000000000000000e+00
9.000000000000000000e+00
4.242640687119284770e+00
7.000000000000000000e+00
6.000000000000000000e+00
4.242640687119284770e+00
6.000000000000000000e+00
2.600000000000000000e+01
7.000000000000000000e+00
7.000000000000000000e+00
5.000000000000000000e+00
3.000000000000000000e+00
7.000000000000000000e+00
3.000000000000000000e+00
3.000000000000000000e+00
7.000000000000000000e+00
6.708203932499369415e+00
7.211102550927978250e+00
6.000000000000000000e+00
6.000000000000000000e+00
7.000000000000000000e+00
3.000000000000000000e+00
6.000000000000000000e+00
3.000000000000000000e+00
3.000000000000000000e+00
7.000000000000000000e+00
3.000000000000000000e+00
9.000000000000000000e+00
6.000000000000000000e+00
6.000000000000000000e+00
3.000000000000000000e+00
1.000000000000000000e+01
3.000000000000000000e+00
6.000000000000000000e+00
3.000000000000000000e+00
7.000000000000000000e+00
1.077032961426900748e+01
1.000000000000000000e+01
6.000000000000000000e+00
6.000000000000000000e+00
7.000000000000000000e+00
7.000000000000000000e+00
1.000000000000000000e+01
3.000000000000000000e+00
1.000000000000000000e+01
6.000000000000000000e+00
3.000000000000000000e+00
3.000000000000000000e+00
1.044030650891055068e+01
8.062257748298549132e+00
4.000000000000000000e+00
4.000000000000000000e+00
7.000000000000000000e+00
8.062257748298549132e+00
4.000000000000000000e+00
2.600000000000000000e+01
7.000000000000000000e+00
3.000000000000000000e+00
7.000000000000000000e+00
4.000000000000000000e+00
3.000000000000000000e+00
6.000000000000000000e+00
6.000000000000000000e+00
6.000000000000000000e+00
7.000000000000000000e+00
9.486832980505138124e+00
1.044030650891055068e+01
4.000000000000000000e+00
7.000000000000000000e+00
7.000000000000000000e+00
3.000000000000000000e+00
7.000000000000000000e+00
3.000000000000000000e+00
7.000000000000000000e+00
3.000000000000000000e+00
6.000000000000000000e+00
3.000000000000000000e+00
9.486832980505138124e+00
7.000000000000000000e+00
6.000000000000000000e+00
9.000000000000000000e+00
7.000000000000000000e+00
7.000000000000000000e+00
3.000000000000000000e+00
3.000000000000000000e+00
3.000000000000000000e+00
6.000000000000000000e+00
3.000000000000000000e+00
7.000000000000000000e+00
1.044030650891055068e+01
7.000000000000000000e+00
4.242640687119284770e+00
7.000000000000000000e+00
6.000000000000000000e+00
3.000000000000000000e+00
3.000000000000000000e+00
4.700000000000000000e+01
7.000000000000000000e+00
6.000000000000000000e+00
3.000000000000000000e+00
7.000000000000000000e+00
7.000000000000000000e+00
7.000000000000000000e+00
4.000000000000000000e+00
3.000000000000000000e+00
7.000000000000000000e+00
3.000000000000000000e+00
6.000000000000000000e+00
2.600000000000000000e+01
7.211102550927978250e+00
3.000000000000000000e+00
7.000000000000000000e+00
6.000000000000000000e+00
3.000000000000000000e+00
8.062257748298549132e+00
4.000000000000000000e+00
6.708203932499369415e+00
7.000000000000000000e+00
1.100000000000000000e+01
7.000000000000000000e+00
3.000000000000000000e+00
7.000000000000000000e+00
9.000000000000000000e+00
1.000000000000000000e+01
3.000000000000000000e+00
7.000000000000000000e+00
3.000000000000000000e+00
7.000000000000000000e+00
7.000000000000000000e+00
5.000000000000000000e+00
4.000000000000000000e+00
6.000000000000000000e+00
7.000000000000000000e+00
7.615773105863908654e+00
3.000000000000000000e+00
7.000000000000000000e+00
6.000000000000000000e+00
1.140175425099137918e+01
7.000000000000000000e+00
9.000000000000000000e+00
1.000000000000000000e+01
9.000000000000000000e+00
3.000000000000000000e+00
3.000000000000000000e+00
4.000000000000000000e+00
6.000000000000000000e+00
3.000000000000000000e+00
6.000000000000000000e+00
3.000000000000000000e+00
6.708203932499369415e+00
9.000000000000000000e+00
6.000000000000000000e+00
3.000000000000000000e+00
7.000000000000000000e+00
6.000000000000000000e+00
3.000000000000000000e+00
7.000000000000000000e+00
5.000000000000000000e+00
7.000000000000000000e+00
4.000000000000000000e+00
7.000000000000000000e+00
7.000000000000000000e+00
4.000000000000000000e+00
7.000000000000000000e+00
9.000000000000000000e+00
6.000000000000000000e+00
3.000000000000000000e+00
7.000000000000000000e+00
7.000000000000000000e+00
3.000000000000000000e+00
1.000000000000000000e+01
8.062257748298549132e+00
7.000000000000000000e+00
1.000000000000000000e+01
7.000000000000000000e+00
3.000000000000000000e+00
5.000000000000000000e+00
6.000000000000000000e+00
3.000000000000000000e+00
3.000000000000000000e+00
4.900000000000000000e+01
1.000000000000000000e+01
7.000000000000000000e+00
3.000000000000000000e+00
7.000000000000000000e+00
7.000000000000000000e+00
8.062257748298549132e+00
7.000000000000000000e+00
7.000000000000000000e+00
3.800000000000000000e+01
6.000000000000000000e+00
7.615773105863908654e+00
3.000000000000000000e+00
6.000000000000000000e+00
6.000000000000000000e+00
7.000000000000000000e+00
1.044030650891055068e+01
7.000000000000000000e+00
6.000000000000000000e+00
3.000000000000000000e+00
6.000000000000000000e+00
7.000000000000000000e+00
4.000000000000000000e+00
6.000000000000000000e+00
3.000000000000000000e+00
6.000000000000000000e+00
4.000000000000000000e+00
9.000000000000000000e+00
7.000000000000000000e+00
5.000000000000000000e+00
3.000000000000000000e+00
6.708203932499369415e+00
4.000000000000000000e+00
3.000000000000000000e+00
4.000000000000000000e+00
9.000000000000000000e+00
7.000000000000000000e+00
7.000000000000000000e+00
6.000000000000000000e+00
7.000000000000000000e+00
7.000000000000000000e+00
3.000000000000000000e+00
6.000000000000000000e+00
3.000000000000000000e+00
7.000000000000000000e+00
6.000000000000000000e+00
6.000000000000000000e+00
6.708203932499369415e+00
6.000000000000000000e+00
3.000000000000000000e+00
7.000000000000000000e+00
7.000000000000000000e+00
3.000000000000000000e+00
6.000000000000000000e+00
3.000000000000000000e+00
6.000000000000000000e+00
7.000000000000000000e+00
6.000000000000000000e+00
7.000000000000000000e+00
6.708203932499369415e+00
6.000000000000000000e+00
3.000000000000000000e+00
6.708203932499369415e+00
3.000000000000000000e+00
6.708203932499369415e+00
7.000000000000000000e+00
4.800000000000000000e+01
7.000000000000000000e+00
4.000000000000000000e+00
8.062257748298549132e+00
6.000000000000000000e+00
4.700000000000000000e+01
3.000000000000000000e+00
1.000000000000000000e+01
3.000000000000000000e+00
3.000000000000000000e+00
3.000000000000000000e+00
4.000000000000000000e+00
7.000000000000000000e+00
3.000000000000000000e+00
4.000000000000000000e+00
3.000000000000000000e+00
9.848857801796103928e+00
3.000000000000000000e+00
2.531797780234432693e+01
8.000000000000000000e+00
4.000000000000000000e+00
8.000000000000000000e+00
1.140175425099137918e+01
4.000000000000000000e+00
6.000000000000000000e+00
7.000000000000000000e+00
5.656854249492380582e+00
8.062257748298549132e+00
3.000000000000000000e+00
4.000000000000000000e+00
6.708203932499369415e+00
4.000000000000000000e+00
8.000000000000000000e+00
8.000000000000000000e+00
3.000000000000000000e+00
8.000000000000000000e+00
