-7.148388329360955140e+00
-5.001430094774978130e+00
2.237239966447671335e+01
-1.152777960363333953e+01
2.908467746911628904e+00
3.866595512807011303e+00
-8.053998749870897811e+00
1.473579824940619787e+01
1.898425755061478171e+01
1.683801609375459662e+01
1.089684913708998160e+01
7.658611819103584573e+00
-1.671987700790703713e+01
3.327125650559384251e+00
-3.547103161143436267e+01
-2.072964790183744199e+01
-1.303880906622783797e+01
-1.603619391360390267e+01
-1.155434795584972107e+01
-9.262217946569904825e+00
-2.471821381853902988e+00
-4.091462298454884738e+00
6.853006199012876998e+00
5.404989988829403735e+00
2.736645495024943475e+00
1.938930283308007541e+00
-1.760589445479053339e+01
3.053113547597389044e+01
