1.788297569753588050e+02
-1.788075391320491292e+02
-1.769580686520735355e+02
1.750019776503152684e+02
-1.784986274922218570e+02
-1.780998017906645146e+02
1.789009108276694917e+02
-1.785323766269942780e+02
-1.790933089008383376e+02
-1.761911901829255100e+02
-1.797646887864584357e+02
-1.786132564975070522e+02
-1.794350668665611011e+02
-1.789461633700471737e+02
-1.760995703666471570e+02
-1.797494345754365952e+02
1.797368189487777670e+02
-1.786741786663246501e+02
-1.775809362028702481e+02
-1.780086208586248802e+02
-1.797964368854777888e+02
-1.799715701686876912e+02
-1.797646197694942032e+02
1.791370903241705719e+02
-1.786524225196126849e+02
-1.787509777971468452e+02
1.775949217357984367e+02
-1.792643963044895656e+02
