9.467773437500000000e-01
9.774413108825683594e-01
1.016918897628784180e+00
1.061181664466857910e+00
1.092993140220642090e+00
1.132055640220642090e+00
1.164428710937500000e+00
1.197045922279357910e+00
1.192724704742431641e+00
1.229272484779357910e+00
1.232641696929931641e+00
1.238842725753784180e+00
1.241552710533142090e+00
1.243408203125000000e+00
1.242700219154357910e+00
1.240698337554931641e+00
1.238696336746215820e+00
1.234106540679931641e+00
1.227465867996215820e+00
1.213940382003784180e+00
1.195800781250000000e+00
1.175488233566284180e+00
1.153515577316284180e+00
1.134350538253784180e+00
1.112084984779357910e+00
1.095165967941284180e+00
1.075317382812500000e+00
1.056713819503784180e+00
1.038134813308715820e+00
1.019848585128784180e+00
1.004296779632568359e+00
9.982666969299316406e-01
9.983398914337158203e-01
9.993407726287841797e-01
1.000878930091857910e+00
1.004931688308715820e+00
1.010717868804931641e+00
1.013696312904357910e+00
1.016992092132568359e+00
1.019360303878784180e+00
1.017187595367431641e+00
1.018676757812500000e+00
1.011865139007568359e+00
1.011865139007568359e+00
1.130688428878784180e+00
1.130688428878784180e+00
1.011474609375000000e+00
1.007495164871215820e+00
1.002563476562500000e+00
9.965575933456420898e-01
9.911864995956420898e-01
9.904785156250000000e-01
9.893310070037841797e-01
9.891113042831420898e-01
9.863036870956420898e-01
9.860839843750000000e-01
9.935791492462158203e-01
9.935791492462158203e-01
9.935791492462158203e-01
9.935791492462158203e-01
9.935791492462158203e-01
9.338134527206420898e-01
9.496825933456420898e-01
9.649901390075683594e-01
9.866698980331420898e-01
9.914306402206420898e-01
9.947265386581420898e-01
1.003002882003784180e+00
1.004174828529357910e+00
1.002709984779357910e+00
1.001123070716857910e+00
9.993164539337158203e-01
1.000708103179931641e+00
9.988281726837158203e-01
9.905273914337158203e-01
9.923584461212158203e-01
9.913818836212158203e-01
9.853760004043579102e-01
9.856445789337158203e-01
9.861817359924316406e-01
9.901611804962158203e-01
9.957518577575683594e-01
1.014428615570068359e+00
1.040210008621215820e+00
1.071215867996215820e+00
1.117114305496215820e+00
1.178222656250000000e+00
1.313720703125000000e+00
1.323608398437500000e+00
1.340087890625000000e+00
1.375073194503784180e+00
1.399682641029357910e+00
1.418676853179931641e+00
1.431030273437500000e+00
1.429907321929931641e+00
1.428515672683715820e+00
1.424414157867431641e+00
1.423559665679931641e+00
1.425683617591857910e+00
1.422583103179931641e+00
1.418920993804931641e+00
1.415869235992431641e+00
1.403198242187500000e+00
1.381347656250000000e+00
1.347021579742431641e+00
1.303027391433715820e+00
1.303027391433715820e+00
1.303027391433715820e+00
1.303027391433715820e+00
1.794970750808715820e+00
1.794970750808715820e+00
1.794970750808715820e+00
1.794970750808715820e+00
1.794970750808715820e+00
1.794970750808715820e+00
1.794970750808715820e+00
1.794970750808715820e+00
1.794970750808715820e+00
1.794970750808715820e+00
1.794970750808715820e+00
1.794970750808715820e+00
6.536376476287841797e-01
5.812256336212158203e-01
7.411620616912841797e-01
7.394043207168579102e-01
7.311522960662841797e-01
7.272949218750000000e-01
7.195556163787841797e-01
7.108398675918579102e-01
7.035889625549316406e-01
6.948730945587158203e-01
6.875976324081420898e-01
6.856446266174316406e-01
6.847900152206420898e-01
6.885254383087158203e-01
6.926758289337158203e-01
7.023193836212158203e-01
7.129638195037841797e-01
7.179443836212158203e-01
7.188231945037841797e-01
7.226073741912841797e-01
7.290283441543579102e-01
7.460448741912841797e-01
7.568359375000000000e-01
7.662842273712158203e-01
7.718262672424316406e-01
7.806396484375000000e-01
7.789551019668579102e-01
7.766357660293579102e-01
7.757323980331420898e-01
7.710692882537841797e-01
7.543213367462158203e-01
7.429687976837158203e-01
7.381591796875000000e-01
7.270507812500000000e-01
7.125976085662841797e-01
7.033934593200683594e-01
7.053467035293579102e-01
7.031250000000000000e-01
7.069091796875000000e-01
7.129150629043579102e-01
7.171142101287841797e-01
7.206053733825683594e-01
7.216553688049316406e-01
7.236572504043579102e-01
7.291259765625000000e-01
7.316162586212158203e-01
7.414550781250000000e-01
7.476317882537841797e-01
7.581055164337158203e-01
7.682616710662841797e-01
7.799804210662841797e-01
7.960937023162841797e-01
8.105468750000000000e-01
8.194091320037841797e-01
8.248291015625000000e-01
8.279052972793579102e-01
8.282227516174316406e-01
8.331298828125000000e-01
8.305664062500000000e-01
8.275635242462158203e-01
8.232910633087158203e-01
8.267822265625000000e-01
8.187744617462158203e-01
8.191406726837158203e-01
8.131835460662841797e-01
8.068847656250000000e-01
7.989501953125000000e-01
7.928466796875000000e-01
7.897949218750000000e-01
7.791016101837158203e-01
7.711913585662841797e-01
7.634766101837158203e-01
7.613525390625000000e-01
7.611572742462158203e-01
7.625976800918579102e-01
7.568603754043579102e-01
7.600342035293579102e-01
7.604004144668579102e-01
7.603271007537841797e-01
7.663085460662841797e-01
7.681641578674316406e-01
7.667725086212158203e-01
7.578125000000000000e-01
7.501952648162841797e-01
7.481689453125000000e-01
7.450683116912841797e-01
7.473144531250000000e-01
7.560303211212158203e-01
7.722899913787841797e-01
7.961425781250000000e-01
8.301270008087158203e-01
8.763183355331420898e-01
9.177978038787841797e-01
9.531006813049316406e-01
9.764893054962158203e-01
9.994872808456420898e-01
1.034667968750000000e+00
1.055468797683715820e+00
1.056030273437500000e+00
1.044311523437500000e+00
1.013964891433715820e+00
9.733154773712158203e-01
9.359862804412841797e-01
9.038574695587158203e-01
8.648438453674316406e-01
8.197753429412841797e-01
7.765624523162841797e-01
7.389404773712158203e-01
7.122313976287841797e-01
6.900634765625000000e-01
6.688232421875000000e-01
6.392090320587158203e-01
5.732910633087158203e-01
5.262451171875000000e-01
4.952392578125000000e-01
4.845459461212158203e-01
4.838867187500000000e-01
4.782714843750000000e-01
4.849853515625000000e-01
4.857177734375000000e-01
4.890136718750000000e-01
5.191650390625000000e-01
5.539550781250000000e-01
6.086425781250000000e-01
6.397461891174316406e-01
6.468749046325683594e-01
6.453368663787841797e-01
6.441406011581420898e-01
6.401122808456420898e-01
6.378905773162841797e-01
6.320556402206420898e-01
6.330566406250000000e-01
6.446290016174316406e-01
6.742186546325683594e-01
7.057373523712158203e-01
7.323729991912841797e-01
7.522215843200683594e-01
7.671141624450683594e-01
7.729735374450683594e-01
7.790282964706420898e-01
7.781250476837158203e-01
7.770507335662841797e-01
7.714111804962158203e-01
7.691407203674316406e-01
7.629883289337158203e-01
7.573730945587158203e-01
7.480713129043579102e-01
7.418212890625000000e-01
7.328125238418579102e-01
7.288329601287841797e-01
7.241699695587158203e-01
7.192871570587158203e-01
7.209715843200683594e-01
7.186768054962158203e-01
7.167236804962158203e-01
7.195067405700683594e-01
7.168946266174316406e-01
7.243163585662841797e-01
7.291015386581420898e-01
7.293212413787841797e-01
7.262940406799316406e-01
7.232422828674316406e-01
7.251708507537841797e-01
7.243896722793579102e-01
7.234618663787841797e-01
7.222900390625000000e-01
7.197265625000000000e-01
7.219970226287841797e-01
7.197510004043579102e-01
7.261230945587158203e-01
7.201904058456420898e-01
7.194824218750000000e-01
7.174315452575683594e-01
7.140624523162841797e-01
7.060791254043579102e-01
7.023437023162841797e-01
6.934571266174316406e-01
6.835448741912841797e-01
6.772949695587158203e-01
6.711182594299316406e-01
6.720215082168579102e-01
6.738770008087158203e-01
6.772217750549316406e-01
6.803710460662841797e-01
6.809813976287841797e-01
6.810302734375000000e-01
6.824462413787841797e-01
6.829590797424316406e-01
6.838135719299316406e-01
6.828856468200683594e-01
6.790282726287841797e-01
6.818604469299316406e-01
6.836669445037841797e-01
6.885986328125000000e-01
6.864013671875000000e-01
6.921386718750000000e-01
6.918213367462158203e-01
6.926758289337158203e-01
6.959717273712158203e-01
6.945556402206420898e-01
6.983153820037841797e-01
6.968505382537841797e-01
6.989990472793579102e-01
6.993408203125000000e-01
6.959228515625000000e-01
6.926026344299316406e-01
6.927490234375000000e-01
6.905274391174316406e-01
6.874511241912841797e-01
6.871581077575683594e-01
6.900146007537841797e-01
6.893310546875000000e-01
6.913330554962158203e-01
6.894531250000000000e-01
6.877685785293579102e-01
6.847412586212158203e-01
6.871826648712158203e-01
6.859862804412841797e-01
6.852784156799316406e-01
6.853759288787841797e-01
6.852295398712158203e-01
6.862792968750000000e-01
6.887695789337158203e-01
6.939940452575683594e-01
6.932861804962158203e-01
6.802489757537841797e-01
6.722900867462158203e-01
6.709961891174316406e-01
6.668457984924316406e-01
6.690917015075683594e-01
6.624023914337158203e-01
6.541748046875000000e-01
6.494872570037841797e-01
6.467285156250000000e-01
6.475341320037841797e-01
6.498291492462158203e-01
6.461913585662841797e-01
6.459472179412841797e-01
6.491454839706420898e-01
6.477539539337158203e-01
6.512694358825683594e-01
6.569579839706420898e-01
6.607666015625000000e-01
6.619629859924316406e-01
6.673095226287841797e-01
6.741211414337158203e-01
6.757569313049316406e-01
6.840820312500000000e-01
6.860351562500000000e-01
6.925537586212158203e-01
6.920897960662841797e-01
6.925537586212158203e-01
6.976807117462158203e-01
7.031981945037841797e-01
7.052733898162841797e-01
7.102293968200683594e-01
7.078614234924316406e-01
7.089354991912841797e-01
7.055664062500000000e-01
7.076172828674316406e-01
7.091796398162841797e-01
7.052978277206420898e-01
7.043945789337158203e-01
7.066407203674316406e-01
7.041747570037841797e-01
7.013915777206420898e-01
7.005372047424316406e-01
7.008545398712158203e-01
6.996827125549316406e-01
7.018065452575683594e-01
7.043945789337158203e-01
7.012207508087158203e-01
6.994872093200683594e-01
6.991455554962158203e-01
6.977050304412841797e-01
6.979491710662841797e-01
6.997559070587158203e-01
7.003417015075683594e-01
6.973876953125000000e-01
6.933836936950683594e-01
6.879639625549316406e-01
6.847655773162841797e-01
6.815917491912841797e-01
6.857910156250000000e-01
6.941895484924316406e-01
7.070312500000000000e-01
7.196044921875000000e-01
7.247314453125000000e-01
7.311768531799316406e-01
7.317626476287841797e-01
7.301514148712158203e-01
7.250244617462158203e-01
7.138183116912841797e-01
6.994140148162841797e-01
6.915527582168579102e-01
6.788818836212158203e-01
6.704590320587158203e-01
6.658203601837158203e-01
6.569335460662841797e-01
6.480956077575683594e-01
6.439208984375000000e-01
6.411864757537841797e-01
6.447998285293579102e-01
6.554687023162841797e-01
6.667480468750000000e-01
6.757080554962158203e-01
6.816650629043579102e-01
6.848144531250000000e-01
6.839842796325683594e-01
6.819092035293579102e-01
6.797606945037841797e-01
6.760253906250000000e-01
6.732177734375000000e-01
6.537353992462158203e-01
6.210205554962158203e-01
5.993895530700683594e-01
5.796875953674316406e-01
5.615966320037841797e-01
5.516114234924316406e-01
5.415283441543579102e-01
5.369629859924316406e-01
5.319092273712158203e-01
5.257325172424316406e-01
5.248534679412841797e-01
5.195801258087158203e-01
5.171142816543579102e-01
5.165526866912841797e-01
5.155029296875000000e-01
5.129150152206420898e-01
5.129394531250000000e-01
5.086669921875000000e-01
