-8.691430091857910156e-03
-4.467785358428955078e-03
-1.782226562500000000e-02
-2.670899033546447754e-02
-2.324217557907104492e-02
-2.658692002296447754e-02
-3.544920682907104492e-02
-4.956054687500000000e-02
-1.284912228584289551e-01
-1.027343869209289551e-01
-1.210204958915710449e-01
-1.291992068290710449e-01
-1.381835937500000000e-01
-1.461914181709289551e-01
-1.515625119209289551e-01
-1.536132693290710449e-01
-1.590576171875000000e-01
-1.661865115165710449e-01
-1.707031130790710449e-01
-1.695312261581420898e-01
-1.695068478584289551e-01
-1.720703244209289551e-01
-1.709716916084289551e-01
-1.735839843750000000e-01
-1.760498285293579102e-01
-1.761474609375000000e-01
-1.783447265625000000e-01
-1.747558712959289551e-01
-1.705322265625000000e-01
-1.568603515625000000e-01
-1.391601562500000000e-01
-1.176269650459289551e-01
-9.541016817092895508e-02
-9.262695908546447754e-02
-9.553223848342895508e-02
-1.012695431709289551e-01
-1.074218750000000000e-01
-1.069091558456420898e-01
-1.074218750000000000e-01
-1.040771603584289551e-01
-1.029052734375000000e-01
-9.404295682907104492e-02
-8.139649033546447754e-02
-8.139649033546447754e-02
2.792966365814208984e-02
2.792966365814208984e-02
2.702636718750000000e-01
3.317871093750000000e-01
3.687744140625000000e-01
4.019531011581420898e-01
4.284423589706420898e-01
4.540039300918579102e-01
4.736816883087158203e-01
4.878662228584289551e-01
4.975585937500000000e-01
4.894287586212158203e-01
4.478027820587158203e-01
4.478027820587158203e-01
4.478027820587158203e-01
4.478027820587158203e-01
4.478027820587158203e-01
-2.462646365165710449e-01
-1.336181759834289551e-01
-1.691161990165710449e-01
-1.946289241313934326e-01
-2.113281190395355225e-01
-2.188476622104644775e-01
-2.186035215854644775e-01
-2.165771424770355225e-01
-2.087646722793579102e-01
-2.068603336811065674e-01
-1.995849609375000000e-01
-1.973632872104644775e-01
-1.916992068290710449e-01
-1.991210877895355225e-01
-1.815429925918579102e-01
-1.714355349540710449e-01
-1.704589724540710449e-01
-1.652343869209289551e-01
-1.632324159145355225e-01
-1.608886718750000000e-01
-1.588134765625000000e-01
-1.623046994209289551e-01
-1.752441525459289551e-01
-1.582519412040710449e-01
-1.620605587959289551e-01
-9.665524959564208984e-02
-1.581298708915710449e-01
-1.511474847793579102e-01
-2.195556461811065674e-01
-2.371338009834289551e-01
-2.485595643520355225e-01
-2.567626833915710449e-01
-2.653564512729644775e-01
-2.732666134834289551e-01
-2.807617187500000000e-01
-2.856689393520355225e-01
-2.935302853584289551e-01
-3.061767518520355225e-01
-3.175781369209289551e-01
-3.250244259834289551e-01
-3.269775509834289551e-01
-3.177002072334289551e-01
-3.108398318290710449e-01
-3.151611387729644775e-01
-3.279785215854644775e-01
-3.279785215854644775e-01
-3.279785215854644775e-01
-3.279785215854644775e-01
2.163330316543579102e-01
2.163330316543579102e-01
2.163330316543579102e-01
2.163330316543579102e-01
2.163330316543579102e-01
2.163330316543579102e-01
2.163330316543579102e-01
2.163330316543579102e-01
2.163330316543579102e-01
2.163330316543579102e-01
2.163330316543579102e-01
2.163330316543579102e-01
-7.763671875000000000e-02
7.617175579071044922e-03
2.120849490165710449e-01
2.140624523162841797e-01
2.200927734375000000e-01
2.225829958915710449e-01
2.231200933456420898e-01
2.341308593750000000e-01
2.462890744209289551e-01
2.591797113418579102e-01
2.712157964706420898e-01
2.760986089706420898e-01
2.791503667831420898e-01
2.725830078125000000e-01
2.697021365165710449e-01
2.750244140625000000e-01
2.736816406250000000e-01
2.679443359375000000e-01
2.562255859375000000e-01
2.462890744209289551e-01
2.366455197334289551e-01
2.276123166084289551e-01
2.121582031250000000e-01
1.998535394668579102e-01
1.944335699081420898e-01
2.002197504043579102e-01
2.039306163787841797e-01
2.032470703125000000e-01
2.086181640625000000e-01
2.150146365165710449e-01
2.332519292831420898e-01
2.586181163787841797e-01
2.865234613418579102e-01
2.921386957168579102e-01
2.879150509834289551e-01
2.761963009834289551e-01
2.663085460662841797e-01
2.526611089706420898e-01
2.340576052665710449e-01
2.332275509834289551e-01
2.324218750000000000e-01
2.367919683456420898e-01
2.354491949081420898e-01
2.433593273162841797e-01
2.426269650459289551e-01
2.474120855331420898e-01
2.490722537040710449e-01
2.514159679412841797e-01
2.443359494209289551e-01
2.351318597793579102e-01
2.306640744209289551e-01
2.253417968750000000e-01
2.139892578125000000e-01
2.058838009834289551e-01
2.014892101287841797e-01
1.996093988418579102e-01
2.063720226287841797e-01
2.069824337959289551e-01
2.087646722793579102e-01
2.128906250000000000e-01
2.127196788787841797e-01
2.120116949081420898e-01
2.166748046875000000e-01
2.189452648162841797e-01
2.275146245956420898e-01
2.301025390625000000e-01
2.380859255790710449e-01
2.397705316543579102e-01
2.433105707168579102e-01
2.421386837959289551e-01
2.433593869209289551e-01
2.402588129043579102e-01
2.432616949081420898e-01
2.441650629043579102e-01
2.430175542831420898e-01
2.415282726287841797e-01
2.341797351837158203e-01
2.421630620956420898e-01
2.446533441543579102e-01
2.561279535293579102e-01
2.592285275459289551e-01
2.546386718750000000e-01
2.293945550918579102e-01
1.939697265625000000e-01
1.049804687500000000e-01
7.080078125000000000e-02
1.772463321685791016e-02
-2.995604276657104492e-02
-4.497069120407104492e-02
-5.556643009185791016e-02
-4.875487089157104492e-02
-5.593264102935791016e-02
-6.838381290435791016e-02
-9.038084745407104492e-02
-1.309814453125000000e-01
-1.434326171875000000e-01
-1.381591856479644775e-01
-1.001953184604644775e-01
-8.754882216453552246e-02
-5.256348848342895508e-02
-2.438962459564208984e-02
4.077136516571044922e-03
5.532228946685791016e-02
9.819334745407104492e-02
1.374511718750000000e-01
1.892578601837158203e-01
2.175781130790710449e-01
2.202148437500000000e-01
2.065429687500000000e-01
1.903076171875000000e-01
1.688964366912841797e-01
1.392822265625000000e-01
1.215820312500000000e-01
1.300048828125000000e-01
1.248779296875000000e-01
1.304931640625000000e-01
1.220703125000000000e-01
1.207275390625000000e-01
1.240234375000000000e-01
1.303710937500000000e-01
1.173828244209289551e-01
1.451416015625000000e-01
1.522216796875000000e-01
1.558837890625000000e-01
1.564941406250000000e-01
1.491699218750000000e-01
1.422119140625000000e-01
1.314697265625000000e-01
1.309814453125000000e-01
1.247314214706420898e-01
1.258056759834289551e-01
1.139160394668579102e-01
1.196289062500000000e-01
1.304687261581420898e-01
1.488525867462158203e-01
1.638672351837158203e-01
1.703125238418579102e-01
1.851074099540710449e-01
1.876465082168579102e-01
1.900634765625000000e-01
1.915283203125000000e-01
1.943847537040710449e-01
1.943359375000000000e-01
1.845458745956420898e-01
1.875000000000000000e-01
1.830566525459289551e-01
1.835449337959289551e-01
1.866699457168579102e-01
1.871826052665710449e-01
1.907226443290710449e-01
1.882324218750000000e-01
1.786864995956420898e-01
1.804199218750000000e-01
1.794922351837158203e-01
1.806640625000000000e-01
1.801757812500000000e-01
1.841309070587158203e-01
1.830566525459289551e-01
1.798095703125000000e-01
1.808593273162841797e-01
1.782226562500000000e-01
1.728027462959289551e-01
1.661133170127868652e-01
1.690430045127868652e-01
1.752929687500000000e-01
1.759765744209289551e-01
1.780517697334289551e-01
1.703125238418579102e-01
1.765624880790710449e-01
1.880615353584289551e-01
1.857421994209289551e-01
1.739746332168579102e-01
1.673095226287841797e-01
1.632568240165710449e-01
1.600097417831420898e-01
1.547607183456420898e-01
1.543700695037841797e-01
1.517578363418579102e-01
1.549560427665710449e-01
1.617431640625000000e-01
1.550292968750000000e-01
1.519531011581420898e-01
1.536620855331420898e-01
1.552978754043579102e-01
1.573241949081420898e-01
1.551758050918579102e-01
1.524170041084289551e-01
1.601073741912841797e-01
1.618164181709289551e-01
1.650390625000000000e-01
1.649901866912841797e-01
1.663085818290710449e-01
1.654297113418579102e-01
1.645752191543579102e-01
1.637939214706420898e-01
1.655273437500000000e-01
1.662353277206420898e-01
1.636718511581420898e-01
1.627441644668579102e-01
1.655273437500000000e-01
1.742187738418579102e-01
1.759765744209289551e-01
1.818603277206420898e-01
1.810547113418579102e-01
1.898925304412841797e-01
1.964111328125000000e-01
2.010253667831420898e-01
2.045898437500000000e-01
2.061767578125000000e-01
2.041015625000000000e-01
2.009277343750000000e-01
1.960937976837158203e-01
1.967773437500000000e-01
1.969970464706420898e-01
1.963379383087158203e-01
1.992676258087158203e-01
1.979980468750000000e-01
1.941406726837158203e-01
1.926758289337158203e-01
1.958007812500000000e-01
2.002441883087158203e-01
2.098633050918579102e-01
2.067138552665710449e-01
2.003418207168579102e-01
1.898193359375000000e-01
1.767333745956420898e-01
1.701171994209289551e-01
1.712890863418579102e-01
1.739746332168579102e-01
1.733887195587158203e-01
1.750977039337158203e-01
1.789550781250000000e-01
1.817626953125000000e-01
1.847168207168579102e-01
1.879882812500000000e-01
1.916015148162841797e-01
1.948242187500000000e-01
1.964843273162841797e-01
2.019042968750000000e-01
2.030273675918579102e-01
2.039550542831420898e-01
2.054687738418579102e-01
2.060546875000000000e-01
2.068359851837158203e-01
2.079589366912841797e-01
2.092285156250000000e-01
2.106933593750000000e-01
2.131347656250000000e-01
2.176758050918579102e-01
2.186034917831420898e-01
2.193847894668579102e-01
2.170165777206420898e-01
2.187988758087158203e-01
2.250487804412841797e-01
2.277100086212158203e-01
2.258545160293579102e-01
2.289550304412841797e-01
2.312011718750000000e-01
2.355957031250000000e-01
2.306640744209289551e-01
2.331542968750000000e-01
2.242920398712158203e-01
2.264893054962158203e-01
2.310546636581420898e-01
2.276855707168579102e-01
2.261718511581420898e-01
2.272949218750000000e-01
2.294677495956420898e-01
2.279052734375000000e-01
2.294189929962158203e-01
2.243652343750000000e-01
2.223144769668579102e-01
2.205810546875000000e-01
2.176269292831420898e-01
2.167968750000000000e-01
2.137695550918579102e-01
2.133789062500000000e-01
2.139404416084289551e-01
2.123290896415710449e-01
2.107666134834289551e-01
2.098144292831420898e-01
2.065185308456420898e-01
2.019775509834289551e-01
2.071777582168579102e-01
2.039550542831420898e-01
2.073730230331420898e-01
2.070800662040710449e-01
2.079101800918579102e-01
2.100585699081420898e-01
2.240722179412841797e-01
2.415527105331420898e-01
2.542968988418579102e-01
2.660156488418579102e-01
2.719238400459289551e-01
2.708495855331420898e-01
2.776855230331420898e-01
2.829101085662841797e-01
2.847167849540710449e-01
2.848144769668579102e-01
2.902832031250000000e-01
2.895019054412841797e-01
2.868896722793579102e-01
2.841552495956420898e-01
2.830566167831420898e-01
2.814453244209289551e-01
2.844970226287841797e-01
2.853027582168579102e-01
2.857910394668579102e-01
2.841796875000000000e-01
2.857910394668579102e-01
2.867676019668579102e-01
2.842529416084289551e-01
2.788574099540710449e-01
2.725830078125000000e-01
2.584472894668579102e-01
2.411620616912841797e-01
2.182128429412841797e-01
2.067138552665710449e-01
1.884765625000000000e-01
1.748046875000000000e-01
1.632080078125000000e-01
1.674560308456420898e-01
1.642822027206420898e-01
1.736328005790710449e-01
1.711913943290710449e-01
1.714843511581420898e-01
1.579589843750000000e-01
1.733398437500000000e-01
1.688964962959289551e-01
1.661376953125000000e-01
1.708984375000000000e-01
