9.467773437500000000e-01 -8.691430091857910156e-03
1.242700219154357910e+00 -1.515625119209289551e-01
1.019848585128784180e+00 -1.568603515625000000e-01
1.130688428878784180e+00 2.792966365814208984e-02
1.130688428878784180e+00 2.792966365814208984e-02
9.905273914337158203e-01 -1.991210877895355225e-01
1.340087890625000000e+00 -2.195556461811065674e-01
1.347021579742431641e+00 -3.151611387729644775e-01
1.347021579742431641e+00 -3.151611387729644775e-01
6.885254383087158203e-01 2.725830078125000000e-01
7.757323980331420898e-01 2.086181640625000000e-01
7.236572504043579102e-01 2.433593273162841797e-01
8.275635242462158203e-01 2.128906250000000000e-01
7.625976800918579102e-01 2.430175542831420898e-01
7.961425781250000000e-01 -5.556643009185791016e-02
8.648438453674316406e-01 1.374511718750000000e-01
4.857177734375000000e-01 1.303710937500000000e-01
7.057373523712158203e-01 1.488525867462158203e-01
7.288329601287841797e-01 1.907226443290710449e-01
7.234618663787841797e-01 1.752929687500000000e-01
6.711182594299316406e-01 1.617431640625000000e-01
6.864013671875000000e-01 1.637939214706420898e-01
6.871581077575683594e-01 2.041015625000000000e-01
6.932861804962158203e-01 1.898193359375000000e-01
6.477539539337158203e-01 2.030273675918579102e-01
7.102293968200683594e-01 2.258545160293579102e-01
7.043945789337158203e-01 2.243652343750000000e-01
7.070312500000000000e-01 2.073730230331420898e-01
6.439208984375000000e-01 2.895019054412841797e-01
5.993895530700683594e-01 2.411620616912841797e-01
5.086669921875000000e-01 1.708984375000000000e-01
