-1.187442372680704183e+00 -1.604957547640605720e+00 -1.789183939810898778e+02
-6.260638486494971566e+00 6.784330656537161275e+00 -1.780148263063578042e+02
-3.752718864477488925e-02 -1.822019241457612404e+00 -1.792081889844851617e+02
-1.092473622301391956e+01 2.530122312616238212e+00 -1.795847127230199192e+02
-3.911768374691373396e-01 1.224641355851899327e+01 -1.787758658754360965e+02
-5.124786734884062334e+00 -1.528307540992842051e-01 1.798192812144435209e+02
-9.208494798104130297e+00 -1.431396090710338687e+00 -1.791122184652413125e+02
-1.945957666424547128e+01 -1.211716214456311835e+00 -1.792077571896244592e+02
3.625959178491545476e+00 -3.711798489269075851e+00 -1.780501500335275296e+02
-4.919699991174275588e+00 6.762520995298368920e-01 -1.784090156137095846e+02
-1.185373972193849035e+01 -2.602387846891491829e+00 -1.791550885520171335e+02
-5.503327017416685507e+00 4.729316863637113677e+00 -1.792499326790537282e+02
-8.191316898369226607e+00 4.959873206910826449e-01 -1.792466394411716522e+02
-2.033232588207012270e+01 -8.020101015066133598e+00 -1.795514134710592771e+02
-2.820569152455758122e+00 3.399074506254351036e+00 -1.797532017189041653e+02
-2.583593900818656763e+01 -1.031867151981173336e+01 -1.778915074224181296e+02
1.253511060722108938e+00 -6.617765885219909272e+00 -1.787199154588707302e+02
1.210305729129298014e+00 2.217337210756241905e+00 -1.791631415071395850e+02
