1.327182690147310495e-04
1.332039828412234783e-03
6.762429256923496723e-05
2.067793830065056682e-04
9.482430323259904981e-05
9.702613169793039560e-06
5.861626050318591297e-05
2.405668055871501565e-04
1.055657397955656052e-03
1.315016299486160278e-03
1.735285331960767508e-05
3.593457950046285987e-05
1.180766275865607895e-06
2.972144648083485663e-05
1.195075819850899279e-04
4.131483001401647925e-05
3.205325047019869089e-04
1.444034132873639464e-04
2.040406543528661132e-04
2.195275592384859920e-04
7.052145083434879780e-04
8.978871046565473080e-04
1.991390017792582512e-03
2.064607979264110327e-04
2.233741251984611154e-04
7.397103763651102781e-05
3.567365638446062803e-04
4.847151285503059626e-04
8.853324688971042633e-04
1.544741098769009113e-04
8.264159259852021933e-05
9.473766112932935357e-05
3.026312042493373156e-04
1.427503302693367004e-04
1.067768898792564869e-03
2.405579143669456244e-04
4.366322827991098166e-04
3.290791646577417850e-04
2.644496089487802237e-05
4.280055236449697986e-06
2.757350921456236392e-05
4.352286850917153060e-05
6.066444329917430878e-04
9.871446673059836030e-05
3.915870547643862665e-05
7.533292227890342474e-05
2.164320030715316534e-04
4.407479427754878998e-04
1.292132310481974855e-05
2.222688817710150033e-05
5.696010775864124298e-04
3.028394712600857019e-04
2.689312350412365049e-05
1.894153865578118712e-05
7.540868682553991675e-05
3.615038804127834737e-05
1.665751551627181470e-05
9.645586396800354123e-05
5.950208287686109543e-04
1.625183795113116503e-04
2.174195651605259627e-05
5.354252425604499876e-05
6.482881144620478153e-05
7.680745329707860947e-05
1.953183527803048491e-04
3.083577030338346958e-04
4.323338507674634457e-04
4.465492384042590857e-05
1.275036047445610166e-04
1.192376483231782913e-03
5.674188287230208516e-05
6.066102068871259689e-04
7.835424039512872696e-04
1.019475748762488365e-04
1.072222483344376087e-03
6.366821617120876908e-05
6.827168544987216592e-05
4.457475151866674423e-04
7.056176400510594249e-05
1.213200521306134760e-04
7.792394608259201050e-04
5.118557965033687651e-06
1.692624355200678110e-04
2.346437213418539613e-05
1.363729679724201560e-04
1.551866735098883510e-04
1.616631489014253020e-04
1.454263383493525907e-05
3.061387542402371764e-05
1.018221257254481316e-03
1.740777282975614071e-03
6.300042059592669830e-06
2.776235487544909120e-05
2.148095745724276640e-06
5.764836896560154855e-05
6.505863711936399341e-05
5.758071347372606397e-05
3.583576472010463476e-05
5.061554838903248310e-05
1.024543671519495547e-04
1.204708707518875599e-03
1.931876759044826031e-04
6.360898260027170181e-05
1.768621004885062575e-04
5.127782351337373257e-04
4.568057647702516988e-06
2.357179910177364945e-04
2.965221938211470842e-04
3.670879596029408276e-05
3.265053919676574878e-06
4.452264402061700821e-04
3.814408046309836209e-05
5.162095840205438435e-05
6.752367335138842463e-05
1.469981158152222633e-03
5.366344121284782887e-04
1.059044734574854374e-03
8.716835145605728030e-05
1.189647591672837734e-04
6.176303722895681858e-04
1.840237091528251767e-04
1.224249019287526608e-03
8.638143772259354591e-04
1.061694092641118914e-06
3.130991899524815381e-05
1.742132553772535175e-05
2.457489790685940534e-05
1.205968073918484151e-04
1.011382191791199148e-04
2.779136411845684052e-04
5.801137012895196676e-05
1.306349178776144981e-03
1.646805758355185390e-04
6.040118387318216264e-05
1.591928885318338871e-04
1.817828626371920109e-03
2.847965515684336424e-04
5.153131205588579178e-04
6.517526344396173954e-05
7.250389899127185345e-04
1.267522166017442942e-04
7.767698662064503878e-06
1.482748193666338921e-04
1.519106444902718067e-04
5.107692777528427541e-05
9.167309326585382223e-05
1.261792058357968926e-04
1.175658599095186219e-05
8.281702321255579591e-05
7.787633221596479416e-04
9.640132775530219078e-04
1.971004530787467957e-04
3.635388202383182943e-05
2.794705214910209179e-04
6.917932769283652306e-04
8.462669939035549760e-05
1.501429869676940143e-05
6.165624945424497128e-04
2.625386514409910887e-05
1.007608589134179056e-04
7.486702543246792629e-06
8.062911365414038301e-05
1.016909809550270438e-04
2.626877358125057071e-05
9.233761375071480870e-05
4.307032941142097116e-05
1.224219304276630282e-04
1.686628238530829549e-04
4.979574587196111679e-04
1.141509201261214912e-04
6.247191777219995856e-05
4.909859853796660900e-06
8.740840712562203407e-05
1.456355821574106812e-04
2.434031921438872814e-04
1.321711170021444559e-05
4.505896649789065123e-04
2.683102138689719141e-05
9.086779027711600065e-05
1.821742043830454350e-04
5.609595609712414443e-05
5.115045132697559893e-05
1.430607226211577654e-04
2.412569483567494899e-05
6.976820295676589012e-04
3.383781177035416476e-06
2.270314435008913279e-04
2.495834778528660536e-04
3.653868567198514938e-03
7.262552389875054359e-05
5.604915349977090955e-05
1.294947869610041380e-04
1.255699407920474187e-05
1.952672319021075964e-04
1.310036983340978622e-03
8.219812298193573952e-05
9.995978325605392456e-05
5.670666359947063029e-05
5.370031067286618054e-05
1.728267641738057137e-03
9.601224883226677775e-05
6.251320010051131248e-04
1.581181131768971682e-04
4.681739083025604486e-04
7.942457887111231685e-05
8.284089562948793173e-05
6.855720421299338341e-04
1.594220084371045232e-04
4.734406247735023499e-04
5.348514605429954827e-05
7.129792356863617897e-04
6.888990901643410325e-05
2.900745676015503705e-05
9.179485496133565903e-04
4.478686150832800195e-06
6.884087633807212114e-05
2.586846239864826202e-04
9.674358443589881063e-05
2.629726659506559372e-04
1.803274382837116718e-03
5.427716314443387091e-05
1.142713881563395262e-05
5.894179048482328653e-05
5.740132837672717869e-05
6.138038588687777519e-05
7.939554961922112852e-06
1.501232181908562779e-04
1.256517949514091015e-03
1.116748098866082728e-04
3.205325047019869089e-04
1.667866490606684238e-05
5.171592347323894501e-04
3.129446704406291246e-04
1.635153603274375200e-05
5.731478813686408103e-05
1.168175003840588033e-05
1.156648431788198650e-04
6.481527234427630901e-04
2.318086335435509682e-03
1.279986736335558817e-05
4.716746479971334338e-05
1.287378137931227684e-03
6.450436194427311420e-05
4.952576637151651084e-05
4.239363261149264872e-05
4.739227733807638288e-05
6.641021900577470660e-05
5.088194302516058087e-05
9.459236025577411056e-05
1.372765837004408240e-04
3.527363296598196030e-04
1.121862369473092258e-04
8.555279055144637823e-05
4.181224085186840966e-06
9.186646784655749798e-04
2.341685758437961340e-04
1.917644840432330966e-04
2.454997447784990072e-04
6.542265764437615871e-04
1.033976150210946798e-04
2.418478979961946607e-04
4.381528560770675540e-05
2.160279109375551343e-04
3.192584263160824776e-04
2.161748416256159544e-04
1.286117825657129288e-03
6.782239506719633937e-05
3.734740676009096205e-05
1.568542502354830503e-04
3.904085606336593628e-04
5.963814328424632549e-04
1.349325702904025093e-05
2.069151014438830316e-05
1.439199695596471429e-04
6.069572555134072900e-05
8.032815821934491396e-05
5.617571332550141960e-06
1.790114096365869045e-03
1.286111073568463326e-04
4.087476918357424438e-05
5.745592643506824970e-04
8.316497405758127570e-05
5.484151770360767841e-04
7.939304487081244588e-05
1.518871977168601006e-05
4.473605804378166795e-05
2.099065932270605117e-05
6.327837036224082112e-05
1.207166060339659452e-04
1.555729104438796639e-04
3.737855877261608839e-05
4.686118918471038342e-04
7.350963278440758586e-05
1.136133778345538303e-05
7.124643889255821705e-05
1.472201984142884612e-04
1.798911034711636603e-05
8.022008842090144753e-05
1.877903559943661094e-04
6.981610204093158245e-05
2.772104926407337189e-05
9.954426204785704613e-04
3.504625638015568256e-04
3.739720850717276335e-04
1.306483900407329202e-04
3.800951526500284672e-05
3.205325047019869089e-04
8.621241431683301926e-05
1.365436037303879857e-04
3.484544111415743828e-03
5.389351281337440014e-05
2.359813697694335133e-05
4.855662336922250688e-05
3.417202970013022423e-05
1.777450816007331014e-04
1.514317555120214820e-04
6.072525866329669952e-04
3.619600465754047036e-05
1.416505692759528756e-04
3.379633710665075341e-07
3.373826621100306511e-05
2.021423861151561141e-04
1.453032484278082848e-03
1.824941486120223999e-03
4.690959176514297724e-04
2.300960331922397017e-04
9.485420741839334369e-05
5.635463367070769891e-06
9.010069334181025624e-05
4.673398507293313742e-04
6.150672561489045620e-05
8.352488657692447305e-05
7.036208990029990673e-04
1.968690485227853060e-04
1.205974491313099861e-03
2.616758574731647968e-04
4.853633799939416349e-05
3.116061270702630281e-05
7.061917858663946390e-05
1.591620268300175667e-03
5.358730413718149066e-05
2.405790146440267563e-03
9.923418983817100525e-04
2.390414156252518296e-04
9.059955482371151447e-04
9.906213381327688694e-05
6.148398097138851881e-05
4.104325853404588997e-05
7.967679266585037112e-05
1.469159087719162926e-05
2.353814852540381253e-05
5.585477338172495365e-04
3.250898735132068396e-04
1.283823745325207710e-03
9.858651319518685341e-04
2.502842398826032877e-04
4.073608215549029410e-05
8.266061195172369480e-05
1.425092632416635752e-04
1.336164314125198871e-05
2.791758161038160324e-04
6.065934212529100478e-05
1.201235063490457833e-04
3.603823643061332405e-05
1.712866105663124472e-05
1.143375411629676819e-04
1.392515987390652299e-04
9.168296819552779198e-04
3.192836884409189224e-04
8.594741811975836754e-04
2.210551872849464417e-03
9.159105684375390410e-05
4.882622743025422096e-04
1.814682764234021306e-05
5.312581197358667850e-05
7.237871614051982760e-05
6.908207433298230171e-05
6.969657843001186848e-04
8.740840712562203407e-05
6.239185458980500698e-04
3.571110937627963722e-05
2.103032456943765283e-04
2.198943402618169785e-04
1.126146293245255947e-03
1.174930730485357344e-05
9.602804493624716997e-05
9.122373739955946803e-05
3.463952816673554480e-05
4.259267370798625052e-05
4.564825576380826533e-05
3.011262160725891590e-04
5.908282764721661806e-05
8.170421097020152956e-06
1.277382398257032037e-04
6.756958900950849056e-04
1.689525786787271500e-03
8.495870861224830151e-05
5.473403143696486950e-04
3.488657821435481310e-04
1.771954004652798176e-03
1.613095810171216726e-05
1.193246454931795597e-03
9.372662316309288144e-05
1.307714555878192186e-04
4.780501694767735898e-05
2.401034580543637276e-04
1.113174221245571971e-04
4.001268825959414244e-05
5.707625678041949868e-05
4.333259712439030409e-04
3.832357469946146011e-04
2.638493970152921975e-05
1.880581839941442013e-04
1.607391641300637275e-05
1.352086837869137526e-04
1.250449859071522951e-04
4.370362876215949655e-05
3.205325047019869089e-04
1.805981504730880260e-03
5.656278881360776722e-05
1.987673604162409902e-04
4.438872565515339375e-05
3.595177840907126665e-04
3.876793562085367739e-05
4.862459536525420845e-05
1.877658651210367680e-04
3.038284148715320043e-06
3.324446424812776968e-06
8.837856876198202372e-05
6.370648770825937390e-05
