8.500145077705383301e-01
1.449788920581340790e-02
1.430825591087341309e-01
1.776387100107967854e-03
1.447382383048534393e-02
5.390053265728056431e-04
2.198663726449012756e-02
4.147927975282073021e-04
3.254760801792144775e-02
3.193971142172813416e-02
9.933117628097534180e-01
9.528707265853881836e-01
9.991804957389831543e-01
9.407582879066467285e-01
9.541581571102142334e-02
2.208596270065754652e-04
5.689555034041404724e-02
7.744506597518920898e-01
1.482587587088346481e-02
3.254467621445655823e-03
4.332001134753227234e-02
6.753887236118316650e-02
2.964779138565063477e-01
2.050546463578939438e-03
6.975228432565927505e-03
5.794090032577514648e-01
6.396068725734949112e-03
1.804768592119216919e-01
6.304156500846147537e-03
7.303274273872375488e-01
1.620595902204513550e-01
3.138914331793785095e-02
8.201863169670104980e-01
6.941270828247070312e-01
4.624088481068611145e-02
7.279287576675415039e-01
1.930646784603595734e-02
2.663847757503390312e-03
9.796528816223144531e-01
9.964158535003662109e-01
4.577980376780033112e-03
7.424857467412948608e-04
6.991066969931125641e-03
1.403462737798690796e-01
1.063446700572967529e-02
4.702620208263397217e-03
4.025911539793014526e-02
5.852835774421691895e-01
9.789447784423828125e-01
4.724072292447090149e-03
1.622205600142478943e-03
5.835736989974975586e-01
7.036940660327672958e-04
9.856518507003784180e-01
6.061153113842010498e-02
4.114952683448791504e-02
9.939589500427246094e-01
1.100492998957633972e-01
3.900784850120544434e-01
8.427250385284423828e-02
9.845964312553405762e-01
3.561094868928194046e-03
9.770495295524597168e-01
8.995937108993530273e-01
7.048265933990478516e-01
2.315755188465118408e-01
4.555416107177734375e-02
3.006434626877307892e-02
5.133088827133178711e-01
3.003255696967244148e-03
3.830672502517700195e-01
3.045331500470638275e-02
7.918981718830764294e-04
8.756306171417236328e-01
2.914120070636272430e-02
1.278007030487060547e-01
2.361346036195755005e-02
4.796659350395202637e-01
7.958284020423889160e-02
9.350484609603881836e-01
7.900891825556755066e-03
9.981271624565124512e-01
8.237645030021667480e-01
6.113099399954080582e-03
8.368238806724548340e-01
2.741344459354877472e-02
7.640514373779296875e-01
9.914251565933227539e-01
7.662332057952880859e-01
1.252056681551039219e-03
1.725235767662525177e-02
9.946626424789428711e-01
3.360627917572855949e-03
9.987946748733520508e-01
9.464622139930725098e-01
7.590531371533870697e-03
1.855518966913223267e-01
9.828327298164367676e-01
9.278594255447387695e-01
3.026645816862583160e-02
3.256026282906532288e-02
6.776812486350536346e-03
9.476409554481506348e-01
1.643978524953126907e-03
8.967189118266105652e-03
9.969999194145202637e-01
8.657468557357788086e-01
1.649225056171417236e-01
7.107451092451810837e-03
9.953344464302062988e-01
7.826381921768188477e-01
9.583936929702758789e-01
8.694849163293838501e-02
4.840328991413116455e-01
1.070949360728263855e-01
9.176903404295444489e-03
1.272623799741268158e-02
9.788376092910766602e-01
6.453461479395627975e-03
3.591914847493171692e-02
3.512194380164146423e-03
2.561605535447597504e-03
5.123431910760700703e-04
9.990134239196777344e-01
4.888788796961307526e-03
1.068457737565040588e-01
9.214406013488769531e-01
6.108751893043518066e-01
4.094121754169464111e-01
1.025320868939161301e-02
3.494206757750362158e-04
1.837601512670516968e-02
6.387165188789367676e-01
9.513738751411437988e-01
2.458127029240131378e-02
4.444070160388946533e-03
3.302494287490844727e-01
3.966217045672237873e-04
7.755438855383545160e-05
4.188084509223699570e-03
5.478281527757644653e-02
4.548327415250241756e-04
8.804242014884948730e-01
9.097614884376525879e-01
8.855576068162918091e-02
7.865364104509353638e-02
9.997192770242691040e-03
9.886910915374755859e-01
8.553528785705566406e-01
3.170948326587677002e-01
4.385658204555511475e-01
1.553032696247100830e-01
1.161093590781092644e-03
8.643207550048828125e-01
1.709464639425277710e-01
9.027550816535949707e-01
1.738886116072535515e-03
7.866317033767700195e-01
9.829838275909423828e-01
1.847251504659652710e-01
9.970673918724060059e-01
8.683774620294570923e-03
7.465241104364395142e-02
2.799915149807929993e-03
5.138579010963439941e-01
1.834321580827236176e-02
2.411261349916458130e-01
1.696968823671340942e-02
9.923529811203479767e-03
9.491721540689468384e-02
2.504406124353408813e-02
9.957726597785949707e-01
6.281439960002899170e-02
7.674844264984130859e-01
3.448510468006134033e-01
7.341039599850773811e-04
3.358031157404184341e-03
9.903796911239624023e-01
3.558351397514343262e-01
6.124003557488322258e-04
9.361153095960617065e-02
1.625088392756879330e-03
7.707287669181823730e-01
3.449540818110108376e-03
2.367806993424892426e-02
9.981409311294555664e-01
7.338404655456542969e-01
3.922049072571098804e-04
1.915082931518554688e-01
2.621525898575782776e-02
1.730523508740589023e-04
2.753712236881256104e-01
5.367413396015763283e-04
1.798784732818603516e-01
3.220084123313426971e-03
3.036214271560311317e-03
3.041453310288488865e-04
1.100733596831560135e-02
9.463347196578979492e-01
1.889303512871265411e-02
7.563781738281250000e-02
3.347387537360191345e-02
5.597112774848937988e-01
7.507965564727783203e-01
8.209761232137680054e-02
5.413537621498107910e-01
2.288956940174102783e-01
8.134400844573974609e-01
1.132067441940307617e-01
2.349781803786754608e-03
1.227285712957382202e-03
5.401911330409348011e-04
8.095708326436579227e-04
1.328318007290363312e-02
9.973061084747314453e-01
2.821421027183532715e-01
1.310033649206161499e-01
4.425431601703166962e-03
2.647305838763713837e-02
9.635809808969497681e-03
9.518747925758361816e-01
9.921773076057434082e-01
6.844048500061035156e-01
3.017615759745240211e-03
9.841512441635131836e-01
3.486804198473691940e-04
8.535550832748413086e-01
8.438850194215774536e-02
2.080202400684356689e-01
5.689555034041404724e-02
2.620404120534658432e-03
6.929770708084106445e-01
3.905149102210998535e-01
2.504168543964624405e-03
7.766518592834472656e-01
1.911783474497497082e-03
7.697625756263732910e-01
9.719129651784896851e-03
9.304796345531940460e-03
4.938567290082573891e-04
5.812280625104904175e-02
5.187166109681129456e-02
8.666086010634899139e-03
9.573219344019889832e-03
9.006337523460388184e-01
1.681393198668956757e-02
7.332387566566467285e-01
9.256369471549987793e-01
7.255839556455612183e-02
7.226315140724182129e-01
3.419740200042724609e-01
5.779229686595499516e-04
4.379296302795410156e-01
9.982699155807495117e-01
7.729263305664062500e-01
2.849591076374053955e-01
5.213060379028320312e-01
4.767222329974174500e-03
6.854878738522529602e-03
5.312209832482039928e-04
2.826476097106933594e-01
2.581652998924255371e-02
2.401958853006362915e-01
2.673908770084381104e-01
4.744573533535003662e-01
3.718216717243194580e-02
2.163924463093280792e-02
6.500497460365295410e-02
3.096165359020233154e-01
3.240357909817248583e-04
2.006724663078784943e-02
1.771147013641893864e-03
9.848875999450683594e-01
9.443249106407165527e-01
4.177581891417503357e-02
3.153277039527893066e-01
9.883118271827697754e-01
4.049282521009445190e-03
6.808762550354003906e-01
9.652732610702514648e-01
7.295415401458740234e-01
9.447880983352661133e-01
2.045290917158126831e-01
3.149129748344421387e-01
1.628636964596807957e-03
9.555122256278991699e-01
9.887964725494384766e-01
6.447070837020874023e-01
3.443509340286254883e-01
5.569817423820495605e-01
9.655475020408630371e-01
2.598200142383575439e-01
2.414376102387905121e-02
1.140590407885611057e-03
1.877949684858322144e-01
2.036636471748352051e-01
9.943238496780395508e-01
1.015632296912372112e-04
9.053082764148712158e-02
4.148240387439727783e-01
6.648028502240777016e-04
6.615415960550308228e-02
2.689296901226043701e-01
5.282124504446983337e-03
3.261016390752047300e-04
5.899117604712955654e-05
5.689555034041404724e-02
9.211093187332153320e-01
6.871019601821899414e-01
1.828948222100734711e-02
1.911347545683383942e-02
9.617096781730651855e-01
5.593033879995346069e-02
2.688859030604362488e-02
7.678207010030746460e-02
2.567007951438426971e-02
2.223557420074939728e-02
3.233736788388341665e-05
6.731308251619338989e-02
9.995379447937011719e-01
5.088789039291441441e-04
3.675972670316696167e-02
3.984960913658142090e-02
2.507270127534866333e-02
8.355732262134552002e-02
8.214924484491348267e-03
7.187008261680603027e-01
1.475967874284833670e-04
8.418998718261718750e-01
1.005748845636844635e-02
9.172546863555908203e-01
1.144091249443590641e-03
8.032074570655822754e-02
7.706445455551147461e-01
6.095156539231538773e-03
1.242718659341335297e-02
7.179022766649723053e-03
9.627252221107482910e-01
3.188484013080596924e-01
1.048915181308984756e-02
1.761848330497741699e-01
1.450531333684921265e-01
4.742601215839385986e-01
6.661716848611831665e-02
1.315732020884752274e-03
3.397423401474952698e-02
9.825870394706726074e-03
9.847946763038635254e-01
5.592405330389738083e-03
9.937648773193359375e-01
9.729561209678649902e-01
3.353620646521449089e-03
7.851971387863159180e-01
7.134959846735000610e-02
5.306362509727478027e-01
5.073246955871582031e-01
8.179401047527790070e-03
3.988576063420623541e-04
7.483109831809997559e-01
2.604416757822036743e-02
1.305678784847259521e-01
9.354763031005859375e-01
2.809154093265533447e-01
5.482653900980949402e-02
2.418502001091837883e-03
8.291899561882019043e-01
5.513459444046020508e-01
1.414358057081699371e-02
1.186877954751253128e-03
1.286771055310964584e-02
1.014161016792058945e-02
9.101265072822570801e-01
5.481323599815368652e-01
1.300715375691652298e-02
7.803205251693725586e-01
1.086075324565172195e-02
1.337433583103120327e-03
2.575241960585117340e-02
6.281439960002899170e-02
1.316053792834281921e-03
9.824177622795104980e-01
3.291125467512756586e-04
2.229460224043577909e-04
2.575712651014328003e-02
9.904478788375854492e-01
1.119113117456436157e-01
7.903535664081573486e-02
9.447870254516601562e-01
9.800685048103332520e-01
1.967685762792825699e-03
1.707603660179302096e-04
8.885028958320617676e-01
9.953612685203552246e-01
1.303815661231055856e-04
3.925054334104061127e-03
2.102078348398208618e-01
4.281569272279739380e-03
3.618496060371398926e-01
9.044278413057327271e-03
6.503589451313018799e-02
8.503437973558902740e-03
1.232455223798751831e-01
1.377353966236114502e-01
9.062845706939697266e-01
8.851617574691772461e-01
6.451386213302612305e-01
4.564149305224418640e-02
9.727337956428527832e-01
1.860058255260810256e-04
1.162864193320274353e-01
4.605070054531097412e-01
9.645516276359558105e-01
9.476003050804138184e-02
1.618890557438135147e-03
2.414560019969940186e-01
1.713359653949737549e-01
2.231627877335995436e-04
5.689555034041404724e-02
4.694827273488044739e-02
5.063355714082717896e-02
3.933757543563842773e-03
9.218731522560119629e-01
5.934636592864990234e-01
1.197524275630712509e-02
3.816196322441101074e-02
9.246247410774230957e-01
9.980472326278686523e-01
9.985750913619995117e-01
8.921226859092712402e-01
1.084715425968170166e-01
