2.471849438734352589e-04
6.657300889492034912e-02
8.353822340723127127e-05
3.236116608604788780e-03
1.561466051498427987e-04
9.756448889675084502e-06
5.571795190917328000e-05
1.816101430449634790e-04
2.838986739516258240e-02
1.904869568534195423e-03
3.466639318503439426e-04
6.169154075905680656e-04
1.869414518296252936e-05
1.905121607705950737e-04
1.319229049840942025e-04
1.758689904818311334e-04
2.498123212717473507e-04
3.528144909068942070e-03
1.306012738496065140e-03
1.357881352305412292e-02
5.335570871829986572e-02
2.668800204992294312e-02
4.337452817708253860e-03
1.196579658426344395e-03
3.216591896489262581e-03
1.505871041445061564e-04
8.988873362541198730e-01
1.625592703931033611e-03
1.046838685870170593e-01
2.762070798780769110e-04
2.488233149051666260e-04
3.501941100694239140e-04
3.170689567923545837e-02
2.995076356455683708e-04
1.059853658080101013e-02
1.858690986409783363e-03
9.541925974190235138e-04
1.068860571831464767e-02
6.420211866497993469e-05
3.751630720216780901e-05
2.553807462390977889e-05
2.142031589755788445e-04
5.378358531743288040e-03
2.559335669502615929e-03
4.153506233706139028e-05
5.231148315942846239e-05
4.605366382747888565e-03
8.610411314293742180e-04
5.372457235353067517e-05
2.503534196875989437e-04
1.102076005190610886e-02
3.110846504569053650e-03
2.666929140104912221e-05
2.015165810007601976e-04
1.611510990187525749e-03
1.055609609466046095e-04
8.621452434454113245e-05
4.016656894236803055e-04
1.983351074159145355e-03
5.132923834025859833e-04
7.850320253055542707e-05
4.507842822931706905e-04
6.465675542131066322e-04
1.999501109821721911e-04
9.359401301480829716e-04
3.557780000846832991e-04
1.979515654966235161e-03
1.641379349166527390e-04
3.645576536655426025e-02
6.263649463653564453e-01
7.767287024762481451e-05
1.284019835293292999e-02
8.484519785270094872e-04
1.074336236342787743e-03
3.332585096359252930e-02
6.576209852937608957e-05
7.787604408804327250e-05
2.173536689952015877e-03
1.808784203603863716e-03
8.327675750479102135e-04
1.956578809767961502e-03
1.147130387835204601e-04
5.790693685412406921e-04
2.372980270592961460e-05
1.662727561779320240e-03
1.774081756593659520e-04
4.141071985941380262e-04
1.269380445592105389e-04
2.295294107170775533e-04
1.128738163970410824e-03
1.849139183759689331e-01
3.012377535924315453e-03
3.899446528521366417e-05
3.038300383195746690e-05
2.463188429828733206e-04
1.559280062792822719e-04
2.325232344446703792e-04
5.084197618998587132e-04
1.914083986775949597e-04
1.439713232684880495e-04
6.826950237154960632e-03
3.522993763908743858e-03
8.527263416908681393e-04
9.691707491874694824e-01
1.381882815621793270e-03
2.261435474792961031e-05
9.421250433661043644e-04
1.999110681936144829e-03
4.700722638517618179e-05
5.236631477600894868e-05
1.857087365351617336e-03
1.130088858189992607e-04
2.180721057811751962e-04
1.280411524930968881e-04
9.398912638425827026e-02
1.494481693953275681e-03
8.814906328916549683e-02
1.349702477455139160e-03
1.808582572266459465e-03
8.656226098537445068e-03
1.497176242992281914e-03
4.254951700568199158e-02
5.024261190555989742e-04
1.617091766092926264e-05
6.163527723401784897e-05
3.612381406128406525e-04
2.965648891404271126e-04
3.391898353584110737e-04
3.108564706053584814e-04
8.957987651228904724e-03
1.318708644248545170e-03
1.402277615852653980e-03
4.207370057702064514e-02
4.798138397745788097e-04
3.652446903288364410e-04
2.435321062803268433e-01
2.080854028463363647e-03
5.175589467398822308e-04
6.450416054576635361e-03
1.081611029803752899e-03
3.886411897838115692e-03
8.134486961353104562e-06
1.447536633349955082e-03
9.450171492062509060e-04
6.530749378725886345e-04
4.896142054349184036e-04
3.064751625061035156e-03
8.043383422773331404e-05
2.036002115346491337e-04
7.673550397157669067e-03
2.145350165665149689e-02
1.296762493439018726e-04
4.335085395723581314e-05
1.718799467198550701e-03
1.785183791071176529e-03
1.044104341417551041e-03
1.540448647574521601e-05
5.446013435721397400e-02
1.459320774301886559e-04
1.701629953458905220e-04
7.249253394547849894e-05
2.665963955223560333e-03
1.028752667480148375e-04
1.556828356115147471e-04
9.264620603062212467e-04
3.437050690990872681e-05
1.442143111489713192e-04
2.522275550290942192e-03
2.070789225399494171e-03
1.454359298804774880e-04
1.441565109416842461e-04
4.465290694497525692e-04
1.869020611047744751e-02
3.409313270822167397e-03
8.462214842438697815e-03
1.332331430603517219e-05
9.084523320198059082e-01
2.580807486083358526e-04
1.699879358056932688e-04
9.003394842147827148e-01
4.253147926647216082e-05
2.205998171120882034e-03
4.790995153598487377e-04
3.139620457659475505e-05
1.289516501128673553e-02
4.800243186764419079e-05
1.236079726368188858e-03
3.154889866709709167e-02
9.408830851316452026e-02
1.991148106753826141e-03
9.389993647346273065e-05
8.944449946284294128e-04
1.655303822190035135e-05
4.806293582078069448e-04
6.489605903625488281e-01
1.060320719261653721e-04
9.437127709388732910e-01
2.032196789514273405e-04
7.264731102623045444e-04
2.008492797613143921e-01
1.370156533084809780e-04
1.147652510553598404e-03
2.735119080170989037e-03
2.399884164333343506e-03
5.038022063672542572e-04
8.658041479066014290e-04
3.947416786104440689e-03
9.487736970186233521e-04
6.170836277306079865e-03
1.417778403265401721e-04
5.024021863937377930e-01
8.114075753837823868e-04
4.724044993054121733e-04
1.218677847646176815e-03
5.642022006213665009e-05
3.082266775891184807e-03
3.146711969748139381e-03
3.025717800483107567e-03
2.643340500071644783e-03
4.253435134887695312e-01
2.706685627344995737e-04
3.865007020067423582e-04
1.667509932303801179e-04
5.086666787974536419e-04
7.661101990379393101e-04
9.851373761193826795e-06
1.046028337441384792e-03
1.132178865373134613e-02
1.512332673883065581e-04
2.498123212717473507e-04
3.703225229401141405e-05
5.303142126649618149e-03
1.527841901406645775e-03
1.778278419806156307e-05
2.236364642158150673e-03
1.230961697729071602e-05
1.725687412545084953e-03
3.864383092150092125e-03
1.368502527475357056e-01
1.831556619436014444e-05
9.579311881680041552e-05
1.961325705051422119e-01
1.353468652814626694e-02
3.757731756195425987e-04
1.530348527012392879e-04
3.141510242130607367e-04
2.590233343653380871e-04
1.358988112770020962e-03
1.578265510033816099e-04
2.358042402192950249e-04
9.381271665915846825e-04
4.882379435002803802e-04
6.536139990203082561e-04
1.954531217052135617e-05
1.676952815614640713e-03
1.242353580892086029e-02
7.512059528380632401e-04
9.415020346641540527e-01
7.723467424511909485e-03
1.639219990465790033e-04
1.419824431650340557e-03
3.328110324218869209e-04
1.622724579647183418e-03
4.028141265735030174e-04
2.480866678524762392e-04
1.784226484596729279e-02
8.026236901059746742e-05
8.765579696046188474e-05
3.373575164005160332e-04
4.854105412960052490e-01
4.782472271472215652e-03
1.566619175719097257e-05
3.286256687715649605e-04
2.870696363970637321e-03
4.433144931681454182e-04
9.971367398975417018e-05
5.070478437119163573e-05
9.133827872574329376e-03
3.815268573816865683e-04
8.494954818161204457e-05
1.918304245918989182e-03
8.398803765885531902e-04
2.758235670626163483e-03
1.559991040267050266e-03
1.240820347447879612e-05
1.745928893797099590e-04
4.668485416914336383e-05
6.477385177277028561e-04
4.724516347050666809e-02
5.905155558139085770e-04
4.500653594732284546e-04
7.704905001446604729e-04
9.958864393411204219e-05
1.186004828923614696e-05
1.027950638672336936e-04
7.878082105889916420e-04
1.691572397248819470e-04
1.203410356538370252e-04
3.987796371802687645e-04
4.718386335298418999e-04
4.776174682774581015e-05
1.178195886313915253e-02
5.992161110043525696e-03
4.610416945070028305e-03
9.528550435788929462e-04
9.932075142860412598e-01
2.498123212717473507e-04
2.500360133126378059e-04
3.463613684289157391e-04
2.899572849273681641e-01
9.784608148038387299e-03
1.034502784023061395e-04
4.920586943626403809e-04
4.919904313283041120e-05
1.553036388941109180e-03
2.836368512362241745e-04
7.541067432612180710e-03
6.238389294594526291e-03
4.057650512550026178e-04
7.276089490915182978e-06
1.664297597017139196e-04
5.099620670080184937e-03
2.394516021013259888e-03
3.500054031610488892e-02
2.136701950803399086e-03
2.204366959631443024e-03
3.034321777522563934e-02
7.741730769339483231e-06
3.741637628991156816e-04
1.182568958029150963e-03
1.510851288912817836e-04
1.204375643283128738e-03
1.212815567851066589e-02
3.898986906278878450e-04
4.832119680941104889e-03
8.859703084453940392e-04
6.268137949518859386e-04
1.571080356370657682e-04
8.478149538859724998e-05
2.608743309974670410e-01
7.740267028566449881e-05
8.969511836767196655e-03
2.550103003159165382e-03
3.182972141075879335e-04
3.883290803059935570e-03
8.072438649833202362e-03
6.098264930187724531e-05
3.779357648454606533e-04
1.151657477021217346e-02
1.525775587651878595e-04
1.327834179392084479e-04
5.863221012987196445e-04
1.928959391079843044e-03
1.299569476395845413e-02
2.474099164828658104e-03
2.221785543952137232e-04
3.159305197186768055e-05
6.823401781730353832e-04
6.533350679092109203e-04
2.074215153697878122e-04
2.507614262867718935e-04
3.833616210613399744e-04
3.317241498734802008e-04
5.129061173647642136e-05
1.580181378812994808e-05
3.311143082100898027e-04
4.739114083349704742e-04
3.016495844349265099e-03
7.908548712730407715e-01
5.084826145321130753e-03
3.375200554728507996e-02
4.064509121235460043e-04
1.227391883730888367e-03
3.278872827650047839e-05
2.492911298759281635e-04
2.727126993704587221e-04
4.627112066373229027e-04
5.867721978574991226e-03
1.869020611047744751e-02
3.984971903264522552e-03
7.099367794580757618e-04
9.038718938827514648e-01
8.004366536624729633e-04
7.841412909328937531e-03
5.536332901101559401e-05
1.323286269325762987e-04
7.054914749460294843e-05
1.383835333399474621e-04
1.542846439406275749e-04
5.272973794490098953e-04
7.508016424253582954e-04
1.559635711601004004e-04
6.139434117358177900e-05
1.166407251730561256e-03
1.032841508276760578e-03
2.444627229124307632e-03
1.095805666409432888e-03
4.772046115249395370e-03
1.724771782755851746e-02
2.485037893056869507e-01
2.358308120165020227e-05
7.791507523506879807e-04
9.340512042399495840e-05
1.225075591355562210e-02
1.795405521988868713e-02
1.873636967502534389e-03
2.496160159353166819e-04
2.342398511245846748e-04
9.814494252204895020e-01
7.480638623237609863e-01
6.743460427969694138e-03
8.567084296373650432e-05
1.530284935142844915e-04
1.556063580210320652e-05
8.934030309319496155e-03
2.373330935370177031e-04
2.175950503442436457e-04
2.498123212717473507e-04
3.198897233232855797e-03
7.949012069730088115e-05
9.375005960464477539e-01
1.100238994695246220e-03
9.883883176371455193e-04
4.777905996888875961e-05
2.274994330946356058e-04
3.423182060942053795e-04
2.156810660380870104e-05
6.602230132557451725e-05
5.859399097971618176e-04
2.155136025976389647e-04
