5.381173919886350632e-03 2.195275592384859920e-04 1.357881352305412292e-02 9.287460852647200227e-05 9.772593975067138672e-01 2.137321134796366096e-04 3.254467621445655823e-03
7.637943327426910400e-02 6.066444329917430878e-04 5.378358531743288040e-03 1.084285671822726727e-03 9.093430638313293457e-01 2.171514206565916538e-04 6.991066969931125641e-03
5.183453904464840889e-04 6.360898260027170181e-05 8.527263416908681393e-04 2.506732381880283356e-02 2.531578950583934784e-02 5.413199542090296745e-04 9.476409554481506348e-01
4.552931338548660278e-02 6.176303722895681858e-04 8.656226098537445068e-03 4.406930878758430481e-03 9.043974876403808594e-01 4.732191155198961496e-04 3.591914847493171692e-02
3.809984482359141111e-04 1.267522166017442942e-04 3.886411897838115692e-03 9.377470612525939941e-01 1.137511455453932285e-03 1.938435365445911884e-03 5.478281527757644653e-02
3.042148637177888304e-05 7.767698662064503878e-06 8.134486961353104562e-06 9.994133710861206055e-01 5.427216092357411981e-05 3.119576649623923004e-05 4.548327415250241756e-04
1.299785263836383820e-02 2.434031921438872814e-04 8.462214842438697815e-03 1.282263197936117649e-03 6.313179135322570801e-01 8.452893816865980625e-04 3.448510468006134033e-01
2.306822454556822777e-03 1.821742043830454350e-04 9.003394842147827148e-01 4.512739833444356918e-04 1.605470897629857063e-03 9.450238198041915894e-02 6.124003557488322258e-04
9.486799836158752441e-01 2.495834778528660536e-04 3.154889866709709167e-02 2.173779212171211839e-04 2.055860531982034445e-04 1.870636828243732452e-02 3.922049072571098804e-04
3.594788024201989174e-03 7.942457887111231685e-05 5.038022063672542572e-04 4.928826820105314255e-04 9.130353331565856934e-01 1.961831148946657777e-04 8.209761232137680054e-02
3.821418213192373514e-04 6.641021900577470660e-05 2.590233343653380871e-04 2.609131634235382080e-01 4.775697831064462662e-03 3.648007113952189684e-04 7.332387566566467285e-01
3.699573222547769547e-03 2.161748416256159544e-04 2.480866678524762392e-04 5.069452524185180664e-01 1.366521231830120087e-02 7.683024741709232330e-04 4.744573533535003662e-01
3.530930960550904274e-03 1.568542502354830503e-04 3.373575164005160332e-04 6.594700738787651062e-03 6.795473098754882812e-01 2.163381286663934588e-04 3.096165359020233154e-01
5.194744444452226162e-04 4.473605804378166795e-05 1.745928893797099590e-04 1.819111593067646027e-02 2.522894926369190216e-02 3.288906300440430641e-04 9.555122256278991699e-01
1.763657666742801666e-03 1.143375411629676819e-04 3.311143082100898027e-04 2.465464733541011810e-02 1.435490399599075317e-01 3.972121630795300007e-04 8.291899561882019043e-01
2.527173142880201340e-03 9.159105684375390410e-05 4.064509121235460043e-04 8.362413942813873291e-02 2.240416826680302620e-03 9.836975950747728348e-04 9.101265072822570801e-01
9.962060451507568359e-01 6.908207433298230171e-05 4.627112066373229027e-04 1.073963358066976070e-04 1.714800368063151836e-03 1.025311794364824891e-04 1.337433583103120327e-03
3.645064716693013906e-04 9.122373739955946803e-05 7.054914749460294843e-05 9.132559895515441895e-01 7.047618273645639420e-03 1.348182850051671267e-04 7.903535664081573486e-02
