9.076051064766943455e-04
1.348538091406226158e-03
5.370192811824381351e-04
1.024052107823081315e-04
1.393324346281588078e-04
4.488450576900504529e-05
1.030155253829434514e-04
3.612428918131627142e-05
6.074031349271535873e-03
3.298622032161802053e-04
2.359559148317202926e-04
5.949778715148568153e-04
4.673708099289797246e-05
3.545768558979034424e-04
3.300449752714484930e-04
2.584321555332280695e-05
6.739911041222512722e-04
1.151292584836483002e-03
7.661905256099998951e-04
2.137321134796366096e-04
5.214490229263901711e-04
1.325798803009092808e-03
1.305572688579559326e-03
1.074826068361289799e-04
4.920554929412901402e-04
5.363817908801138401e-04
2.792198956012725830e-02
1.460793544538319111e-03
4.618619568645954132e-04
7.229986367747187614e-04
2.932386705651879311e-04
1.292036322411149740e-04
1.947964541614055634e-02
9.113862179219722748e-04
6.181102362461388111e-04
1.290101674385368824e-03
2.377029013587161899e-04
2.388669527135789394e-04
1.930560683831572533e-04
9.235495235770940781e-05
4.494789463933557272e-04
7.508618000429123640e-05
2.171514206565916538e-04
2.599077764898538589e-03
1.168331946246325970e-04
3.776344528887420893e-04
2.785736869554966688e-04
9.171489509753882885e-04
1.991202734643593431e-04
4.882862776867114007e-05
1.758932921802625060e-04
4.691013018600642681e-04
6.091297836974263191e-05
3.415526880417019129e-04
1.687696931185200810e-04
1.584592682775110006e-04
9.813072392717003822e-04
5.036214715801179409e-04
7.253274088725447655e-04
1.368989236652851105e-03
2.666970249265432358e-04
9.342747944174334407e-05
6.299251690506935120e-04
3.649857535492628813e-04
9.826995665207505226e-04
1.059840782545506954e-03
7.412215927615761757e-04
2.929783076979219913e-04
5.694260471500456333e-04
2.529508769512176514e-01
3.912724205292761326e-04
4.986423300579190254e-04
1.205537555506452918e-04
8.879293454810976982e-04
5.466050934046506882e-04
3.055535489693284035e-04
3.249839646741747856e-04
5.691872444003820419e-03
7.280590361915528774e-04
3.204454842489212751e-04
2.367978740949183702e-04
1.580552197992801666e-04
9.898337302729487419e-04
9.599413897376507521e-05
8.903573034331202507e-04
3.465125919319689274e-04
2.762111544143408537e-04
2.578520507086068392e-04
3.971643163822591305e-04
1.836545852711424232e-04
1.118944375775754452e-03
2.337429323233664036e-04
4.100870282854884863e-04
6.782342825317755342e-05
5.494402721524238586e-04
4.965815460309386253e-04
1.676491083344444633e-04
5.035393405705690384e-04
4.978593788109719753e-04
1.912763837026432157e-04
1.364433206617832184e-03
1.609237515367567539e-04
5.413199542090296745e-04
1.874332129955291748e-02
2.373470779275521636e-04
1.030584317049942911e-04
8.748594555072486401e-04
7.757143466733396053e-04
2.220052265329286456e-04
9.423222218174487352e-05
1.127954223193228245e-03
4.564885166473686695e-04
2.426321734674274921e-04
4.299532156437635422e-04
3.460780084133148193e-01
3.129952237941324711e-04
8.199814474210143089e-04
6.507268990390002728e-04
1.041382492985576391e-04
4.732191155198961496e-04
1.193564748973585665e-04
6.563421920873224735e-04
1.003589131869375706e-04
3.421043584239669144e-05
2.212320832768455148e-04
8.405107655562460423e-05
2.798796922434121370e-04
1.245959545485675335e-03
8.284704526886343956e-04
1.187063680845312774e-04
5.340508068911731243e-04
1.889799750642850995e-04
1.399062108248472214e-03
9.722191607579588890e-04
2.444937708787620068e-04
1.727530849166214466e-03
1.096157589927315712e-03
7.624328281963244081e-05
7.467033574357628822e-04
1.603998971404507756e-04
1.938435365445911884e-03
3.119576649623923004e-05
1.265646540559828281e-03
1.057458342984318733e-03
2.630656235851347446e-04
2.719665062613785267e-04
1.304566394537687302e-04
1.825974468374624848e-04
4.426459490787237883e-04
1.160679268650710583e-03
8.908118470571935177e-04
4.293941892683506012e-04
7.250126509461551905e-05
1.330174156464636326e-03
3.913754131644964218e-03
1.715536927804350853e-03
6.944150663912296295e-05
4.980543628334999084e-02
3.172027063556015491e-04
3.327362064737826586e-04
1.206067245220765471e-04
1.125609705923125148e-04
2.581254811957478523e-04
1.218046993017196655e-03
1.190368086099624634e-03
1.542687241453677416e-04
8.066275040619075298e-04
2.964154817163944244e-03
2.842062676791101694e-04
3.374633088242262602e-04
2.117107360390946269e-04
1.782024191925302148e-04
5.360280629247426987e-04
1.703509944491088390e-03
8.452893816865980625e-04
4.322063614381477237e-05
4.683345183730125427e-02
8.676685392856597900e-04
3.014162939507514238e-04
9.450238198041915894e-02
2.716108865570276976e-04
6.672529707429930568e-05
4.802010080311447382e-04
1.189305767184123397e-04
1.243101665750145912e-03
1.577127550262957811e-04
9.201699867844581604e-04
1.870636828243732452e-02
6.538190413266420364e-03
2.079059602692723274e-03
1.444651570636779070e-05
8.447858272120356560e-04
5.015105489292182028e-05
2.099685952998697758e-04
9.527895599603652954e-04
1.073552266461774707e-04
5.355724319815635681e-02
5.098973051644861698e-04
4.578394873533397913e-04
1.636723289266228676e-03
4.844322393182665110e-04
4.772088432218879461e-04
6.838155677542090416e-04
4.653521813452243805e-03
1.961831148946657777e-04
4.376770230010151863e-04
1.575651345774531364e-03
1.044285832904279232e-03
6.412060000002384186e-03
2.398541437287349254e-05
4.585168361663818359e-01
1.162229527835734189e-04
7.752972887828946114e-04
6.468881038017570972e-04
1.643690047785639763e-04
3.853895177599042654e-04
2.922079991549253464e-03
9.195602615363895893e-05
2.275109145557507873e-04
8.405508706346154213e-04
3.093075356446206570e-04
3.092758997809141874e-04
3.116840380243957043e-04
1.693558879196643829e-04
9.652899461798369884e-04
3.457565253484062850e-05
1.470811082981526852e-03
6.866834592074155807e-04
4.884977824985980988e-04
6.739911041222512722e-04
4.592482946463860571e-05
4.035664722323417664e-03
1.339445123448967934e-03
6.915839912835508585e-05
4.259503039065748453e-04
6.020293221808969975e-05
2.073736861348152161e-03
2.269690885441377759e-04
1.255511539056897163e-03
3.132451092824339867e-05
3.362746210768818855e-04
2.146110171452164650e-03
1.042273943312466145e-04
1.939972135005518794e-04
2.963383740279823542e-04
1.089826473616994917e-04
3.648007113952189684e-04
5.679228925146162510e-04
9.125340875471010804e-05
1.473818090744316578e-03
1.050170743837952614e-03
5.391868762671947479e-05
1.213236944749951363e-03
1.237407559528946877e-04
8.458677679300308228e-03
3.479828825220465660e-03
6.498870789073407650e-04
6.275018677115440369e-04
3.821552672889083624e-04
9.363207936985418200e-05
4.608949646353721619e-03
1.077216220437549055e-04
7.821599720045924187e-04
4.303166642785072327e-04
7.683024741709232330e-04
4.985162522643804550e-03
9.769526513991877437e-05
7.644727593287825584e-04
2.163381286663934588e-04
2.047016844153404236e-02
5.242062034085392952e-04
8.227055513998493552e-05
3.770644834730774164e-04
2.035110257565975189e-03
7.301056757569313049e-04
4.732685629278421402e-04
8.363864617422223091e-05
2.538380445912480354e-03
5.086759920231997967e-04
2.555224054958671331e-04
1.225447049364447594e-03
7.931673317216336727e-04
1.186146866530179977e-03
6.165449158288538456e-04
8.400980732403695583e-05
3.288906300440430641e-04
2.997424162458628416e-04
4.453992296475917101e-04
6.793584325350821018e-04
5.818435456603765488e-04
5.941871786490082741e-04
7.165417191572487354e-04
2.234383573522791266e-04
5.279068500385619700e-05
3.737415536306798458e-04
3.369373735040426254e-04
9.488120558671653271e-04
1.503301427874248475e-05
1.875103916972875595e-03
2.413082838756963611e-04
4.960821825079619884e-04
7.261016871780157089e-04
6.921321619302034378e-04
3.247305867262184620e-04
6.682107050437480211e-05
3.679175628349184990e-03
6.739911041222512722e-04
2.918264362961053848e-04
8.625098853372037411e-04
3.037073016166687012e-01
1.184476932394318283e-04
1.793583942344412208e-04
5.669664824381470680e-04
1.866207458078861237e-04
1.919808855745941401e-04
1.247391337528824806e-04
3.241966769564896822e-04
9.934438467025756836e-01
1.048587728291749954e-04
2.296732236573006958e-05
5.428227595984935760e-04
4.361373139545321465e-04
2.331807510927319527e-03
1.058607362210750580e-03
3.659840149339288473e-04
1.847907697083428502e-04
7.926798425614833832e-04
1.919656278914771974e-05
6.952857365831732750e-04
1.150699099525809288e-04
5.209227092564105988e-04
2.961475365736987442e-05
5.154963000677525997e-04
1.901138806715607643e-03
4.546788404695689678e-04
9.017771808430552483e-04
6.668351707048714161e-04
3.484023618511855602e-04
5.368339479900896549e-04
9.553910931572318077e-04
2.578874118626117706e-04
2.451489679515361786e-03
8.882854599505662918e-04
2.799014328047633171e-03
1.986509596463292837e-04
1.477851037634536624e-04
2.458622620906680822e-04
4.171550972387194633e-04
2.790321013890206814e-04
8.713329443708062172e-04
3.847614570986479521e-04
3.111344703938812017e-04
2.282747300341725349e-03
6.393083836883306503e-03
5.361107178032398224e-03
5.788507987745106220e-04
8.477821393171325326e-05
5.194005643716081977e-05
1.138370600529015064e-03
5.449083982966840267e-05
4.673723888117820024e-04
9.989980608224868774e-04
6.603527581319212914e-04
1.710734068183228374e-04
1.460670173401013017e-04
3.972121630795300007e-04
7.815312128514051437e-04
4.143465775996446609e-04
2.823279646690934896e-04
5.815749173052608967e-04
5.667256191372871399e-03
9.836975950747728348e-04
2.148685976862907410e-03
1.024268276523798704e-04
4.131224995944648981e-04
7.406375516438856721e-05
1.025311794364824891e-04
2.577958162873983383e-03
5.360280629247426987e-04
1.032696818583644927e-04
9.556206059642136097e-04
8.876561187207698822e-03
4.964588515576906502e-05
4.309436772018671036e-03
1.326564233750104904e-04
1.951093785464763641e-03
1.348182850051671267e-04
3.198845370206981897e-04
3.235257463529706001e-04
4.521373921306803823e-05
4.448559775482863188e-05
2.738733892329037189e-04
1.176789301098324358e-04
7.238010293804109097e-04
1.698248088359832764e-04
2.861364278942346573e-03
7.752209785394370556e-05
8.660393068566918373e-04
2.169715153286233544e-04
2.996824448928236961e-03
3.960408212151378393e-04
1.035167835652828217e-03
4.794280976057052612e-04
2.126020612195134163e-03
4.534984473139047623e-04
1.363147515803575516e-03
8.996157703222706914e-05
4.002501955255866051e-04
1.642955467104911804e-02
1.055341446772217751e-03
2.728957450017333031e-03
1.449293631594628096e-04
1.981397857889533043e-03
8.518952381564304233e-05
4.855074454098939896e-03
6.859684363007545471e-04
3.963611015933565795e-05
6.739911041222512722e-04
1.634818967431783676e-03
8.599613793194293976e-04
4.967014491558074951e-02
4.880193446297198534e-04
7.484013913199305534e-04
7.183370325947180390e-05
3.941530594602227211e-04
1.421422581188380718e-03
7.773147081024944782e-05
6.762498378520831466e-05
7.270068745128810406e-04
4.664097214117646217e-04
