1.425511091947555542e-01
1.567503320984542370e-03
8.551203012466430664e-01
6.085162021918222308e-05
9.809866547584533691e-01
9.992939233779907227e-01
9.757204055786132812e-01
1.049850616254843771e-04
7.324940059334039688e-03
5.735694896429777145e-03
3.740152111276984215e-03
4.393002018332481384e-02
5.536711541935801506e-04
5.691820010542869568e-02
8.985549211502075195e-01
4.760339652420952916e-05
1.315388176590204239e-02
2.281879261136054993e-02
4.209852195344865322e-04
9.287460852647200227e-05
4.163991194218397141e-03
7.546974346041679382e-03
2.409553527832031250e-01
2.166422200389206409e-04
1.137807339546270669e-04
4.182617962360382080e-01
7.262349245138466358e-04
7.839676737785339355e-01
1.229027053341269493e-03
2.510324418544769287e-01
8.340104222297668457e-01
3.244421386625617743e-04
4.311401024460792542e-02
2.874337136745452881e-01
9.945533238351345062e-03
1.764295995235443115e-01
4.333755467087030411e-03
3.703202120959758759e-03
5.159516353160142899e-03
2.961033256724476814e-03
9.947668313980102539e-01
1.021358912112191319e-04
1.084285671822726727e-03
8.534004688262939453e-01
9.881917834281921387e-01
9.937955141067504883e-01
3.210340801160782576e-04
1.983756572008132935e-02
2.006155811250209808e-02
1.504780957475304604e-04
2.528707263991236687e-04
7.689146790653467178e-03
9.988132715225219727e-01
1.684096292592585087e-03
2.106987521983683109e-04
9.579051136970520020e-01
3.092237515375018120e-03
8.866698741912841797e-01
4.562829621136188507e-03
9.118152260780334473e-01
1.289538387209177017e-02
5.265660729492083192e-05
1.767823286354541779e-02
6.832889281213283539e-03
2.822616100311279297e-01
7.513408660888671875e-01
3.455983242020010948e-04
9.690144658088684082e-01
7.817379198968410492e-03
5.786305759102106094e-03
6.155063509941101074e-01
5.656135035678744316e-04
1.229703921126201749e-04
3.389201313257217407e-02
7.353625725954771042e-03
8.707594871520996094e-01
9.749873876571655273e-01
5.622042343020439148e-02
1.802099868655204773e-04
5.204139277338981628e-03
7.098534610122442245e-03
6.855131359770894051e-04
1.578510701656341553e-01
9.933637380599975586e-01
8.316762745380401611e-03
9.666410684585571289e-01
7.204174250364303589e-02
6.957044359296560287e-03
1.743911067023873329e-03
5.044407444074749947e-04
3.606967628002166748e-03
5.323834484443068504e-04
9.959790706634521484e-01
5.255706491880118847e-04
4.306668415665626526e-02
9.908921718597412109e-01
9.266652632504701614e-04
1.276299636811017990e-02
4.148553591221570969e-03
9.647194743156433105e-01
2.683612983673810959e-03
3.516222059261053801e-04
2.506732381880283356e-02
4.772763932123780251e-04
8.445302373729646206e-04
2.220461610704660416e-03
7.616628706455230713e-02
2.201918978244066238e-03
9.920587539672851562e-01
1.136715000029653311e-04
1.505416631698608398e-01
3.564424067735671997e-02
9.115375280380249023e-01
5.134775638580322266e-01
3.928939811885356903e-03
2.986958948895335197e-03
1.139544881880283356e-03
1.193634327501058578e-02
2.800471556838601828e-04
4.406930878758430481e-03
1.282064768020063639e-04
4.660052654799073935e-04
2.495862718205899000e-04
7.630515028722584248e-05
9.945338964462280273e-01
1.921857619890943170e-04
5.557031836360692978e-04
3.849907815456390381e-01
5.877114534378051758e-01
1.081229187548160553e-03
9.967036843299865723e-01
1.643623970448970795e-02
6.829261779785156250e-03
4.419003054499626160e-02
9.664824008941650391e-01
1.783351413905620575e-03
6.468561887741088867e-01
8.873176557244732976e-05
1.208917892654426396e-04
3.627575933933258057e-04
9.377470612525939941e-01
9.994133710861206055e-01
1.056788414716720581e-01
5.320719629526138306e-02
6.041629239916801453e-04
3.102452610619366169e-04
6.024311296641826630e-04
9.110150858759880066e-03
9.506236761808395386e-03
7.344344258308410645e-02
7.209220901131629944e-03
8.317283391952514648e-01
9.980301260948181152e-01
2.811733447015285492e-02
8.000066876411437988e-01
9.076043218374252319e-02
9.979800581932067871e-01
8.100857585668563843e-02
1.352864038199186325e-02
8.106321692466735840e-01
1.240037963725626469e-03
1.276528346352279186e-04
9.186937212944030762e-01
9.956730008125305176e-01
4.819455444812774658e-01
9.807657599449157715e-01
7.556964755058288574e-01
9.763588905334472656e-01
2.878527448046952486e-04
9.002601504325866699e-01
9.728088974952697754e-01
1.065962715074419975e-03
1.076572691090404987e-03
3.790752962231636047e-02
1.282263197936117649e-03
9.990286827087402344e-01
5.574120441451668739e-04
4.526031669229269028e-03
6.392641067504882812e-01
4.512739833444356918e-04
9.050611257553100586e-01
1.039050184772349894e-04
1.020596455782651901e-02
9.960172772407531738e-01
3.763361019082367420e-04
1.525271218270063400e-04
7.466252893209457397e-02
2.173779212171211839e-04
1.614725738763809204e-01
9.691521525382995605e-01
2.610189403640106320e-05
7.189731597900390625e-01
9.992390871047973633e-01
4.713771864771842957e-03
1.340956659987568855e-03
9.937347769737243652e-01
3.642537049017846584e-04
9.876765012741088867e-01
1.530024781823158264e-02
2.686652354896068573e-03
9.212133288383483887e-01
2.772432984784245491e-03
9.723702445626258850e-03
1.905355453491210938e-01
4.928826820105314255e-04
4.586223047226667404e-03
1.657168939709663391e-02
1.157663092017173767e-01
3.261506184935569763e-02
1.786466891644522548e-04
1.905223936773836613e-03
1.016935202642343938e-04
9.977093935012817383e-01
8.862431645393371582e-01
3.783520369324833155e-04
3.979216271545737982e-04
1.456955634057521820e-02
8.449076267424970865e-05
1.927008386701345444e-03
3.673658706247806549e-03
4.242527857422828674e-02
2.720595221035182476e-04
3.127677738666534424e-01
2.165211044484749436e-04
6.677405443042516708e-03
9.995175600051879883e-01
1.338554322719573975e-01
2.153440564870834351e-02
7.847353219985961914e-01
1.315388176590204239e-02
9.969925880432128906e-01
2.735128160566091537e-03
9.261771338060498238e-04
9.971430897712707520e-01
1.759398495778441429e-03
9.978395700454711914e-01
2.226417511701583862e-01
4.389566602185368538e-04
3.669951111078262329e-03
9.992672801017761230e-01
9.408512115478515625e-01
4.808051884174346924e-01
3.856062830891460180e-04
3.357354144100099802e-04
9.536065906286239624e-02
8.640793384984135628e-05
2.609131634235382080e-01
1.024118042550981045e-03
4.099505487829446793e-03
2.718218266963958740e-01
6.392199993133544922e-01
6.943993503227829933e-05
5.588575601577758789e-01
8.166813058778643608e-04
6.763748079538345337e-02
6.951243877410888672e-01
1.529137324541807175e-02
1.638528145849704742e-02
1.475597382523119450e-04
4.206096928101032972e-04
2.260090969502925873e-02
1.530263834865763783e-04
3.644347307272255421e-04
6.843984723091125488e-01
5.069452524185180664e-01
8.648172616958618164e-01
9.751543998718261719e-01
9.337953925132751465e-01
6.594700738787651062e-03
2.658097073435783386e-04
3.342504205647855997e-04
9.979662895202636719e-01
1.184848882257938385e-02
3.420675545930862427e-02
9.564135670661926270e-01
6.824479103088378906e-01
3.911565290763974190e-04
2.781207114458084106e-02
3.117794692516326904e-01
1.878631301224231720e-02
5.036708340048789978e-02
2.855795901268720627e-03
7.825871580280363560e-04
6.111192051321268082e-04
9.981009364128112793e-01
1.819111593067646027e-02
8.378771133720874786e-03
9.886662010103464127e-04
1.423185807652771473e-03
1.292884536087512970e-02
2.489138394594192505e-02
1.380572170019149780e-01
9.735102057456970215e-01
9.986538887023925781e-01
8.104947805404663086e-01
1.585290534421801567e-03
2.048066351562738419e-03
4.189855098957195878e-05
9.035114645957946777e-01
1.064796466380357742e-03
9.985257983207702637e-01
1.088411197997629642e-03
1.043908414430916309e-03
4.268957127351313829e-04
3.798571124207228422e-04
6.102039333200082183e-05
1.315388176590204239e-02
1.610856875777244568e-02
3.063476681709289551e-01
2.822431027889251709e-01
2.827747375704348087e-04
3.462016955018043518e-02
9.423142671585083008e-01
9.724639058113098145e-01
2.008570125326514244e-03
6.014467799104750156e-04
2.107000444084405899e-03
1.162505068350583315e-04
9.652192704379558563e-03
4.563391121337190270e-05
9.985124468803405762e-01
2.992517838720232248e-04
7.845927476882934570e-01
5.617568735033273697e-03
4.486125893890857697e-03
4.171222390141338110e-04
3.061562078073620796e-03
9.997619986534118652e-01
1.402895748615264893e-01
1.311425352469086647e-03
7.329092174768447876e-02
6.563551141880452633e-05
1.064972369931638241e-03
4.038280248641967773e-02
9.813025826588273048e-04
9.785792231559753418e-01
9.910321831703186035e-01
3.486899286508560181e-02
6.794108152389526367e-01
2.114653820171952248e-03
8.225474357604980469e-01
3.996904790401458740e-01
6.206944957375526428e-02
9.281190037727355957e-01
2.618768776301294565e-04
8.284682407975196838e-04
9.885857701301574707e-01
7.372556719928979874e-03
3.767231537494808435e-04
1.080684480257332325e-03
2.537607215344905853e-02
8.675349527038633823e-04
1.889270395040512085e-01
1.450780313462018967e-03
3.374208807945251465e-01
4.518216252326965332e-01
9.900186061859130859e-01
5.217308716964907944e-05
2.433027774095535278e-01
7.519821519963443279e-05
8.555259108543395996e-01
6.022627651691436768e-02
7.112286090850830078e-01
9.444806575775146484e-01
9.972502589225769043e-01
2.465464733541011810e-02
4.390070140361785889e-01
2.524410607293248177e-03
5.870375316590070724e-04
5.291235866025090218e-04
3.290244638919830322e-01
8.362413942813873291e-02
3.268277943134307861e-01
9.866529107093811035e-01
2.163206785917282104e-01
3.558667667675763369e-04
1.073963358066976070e-04
5.996863543987274170e-02
1.076572691090404987e-03
1.728858042042702436e-04
1.331868208944797516e-02
4.390015092212706804e-04
6.771610787836834788e-05
9.525737166404724121e-01
7.352223619818687439e-03
8.847700357437133789e-01
9.132559895515441895e-01
1.334534492343664169e-03
9.076629765331745148e-03
4.359768354333937168e-05
4.720885044662281871e-05
2.608858607709407806e-02
3.488487564027309418e-03
3.844089224003255367e-04
9.556550648994743824e-04
5.570335984230041504e-01
1.049564380082301795e-04
1.989166252315044403e-03
1.204434316605329514e-03
4.582985769957304001e-03
9.909636974334716797e-01
7.158581614494323730e-01
8.598641157150268555e-01
6.608480960130691528e-02
1.853336696512997150e-03
3.256760835647583008e-01
1.855762093327939510e-03
2.337959222495555878e-02
1.311859668930992484e-04
1.973442733287811279e-02
5.215541720390319824e-01
6.651461590081453323e-03
8.953357338905334473e-01
9.980803728103637695e-01
7.432178854942321777e-01
8.232411146163940430e-01
1.080097063095308840e-04
1.315388176590204239e-02
8.416671752929687500e-01
9.477500915527343750e-01
5.403248360380530357e-04
4.298917949199676514e-03
7.766131311655044556e-02
9.868426918983459473e-01
2.901811618357896805e-03
4.381589591503143311e-02
1.167892361991107464e-03
4.607501905411481857e-04
1.009948775172233582e-01
8.897258043289184570e-01
