4.664428997784852982e-03
6.596475839614868164e-01
1.696988765615969896e-04
9.762278795242309570e-01
3.569881664589047432e-03
6.862284499220550060e-05
1.765572465956211090e-03
2.692160010337829590e-02
9.184056520462036133e-01
6.859716176986694336e-01
1.309526851400732994e-03
7.089981809258460999e-04
4.027593968203291297e-05
1.500049838796257973e-03
4.354060627520084381e-03
9.971699910238385201e-04
9.276950955390930176e-01
1.971292197704315186e-01
6.727350410073995590e-03
9.772593975067138672e-01
8.681582808494567871e-01
8.494051694869995117e-01
4.124147593975067139e-01
9.800114631652832031e-01
9.773284196853637695e-01
8.066908922046422958e-04
6.172938272356987000e-02
4.720223601907491684e-03
8.332005143165588379e-01
1.697935722768306732e-02
2.769929124042391777e-03
9.556233286857604980e-01
8.481078594923019409e-02
1.611693575978279114e-02
8.529673218727111816e-01
9.118825197219848633e-02
9.372967481613159180e-01
9.821881651878356934e-01
1.381156407296657562e-02
3.176220343448221684e-04
1.138826410169713199e-04
9.987389445304870605e-01
9.093430638313293457e-01
5.704398499801754951e-04
8.216636488214135170e-04
1.309911021962761879e-04
9.284191727638244629e-01
3.589575290679931641e-01
5.574370152316987514e-04
9.945815205574035645e-01
9.458881616592407227e-01
3.852207362651824951e-01
1.571430038893595338e-04
1.117218937724828720e-02
9.326858520507812500e-01
5.113813094794750214e-04
1.419352483935654163e-03
1.661225222051143646e-03
4.331192076206207275e-01
1.547766500152647495e-03
1.605965546332299709e-03
9.942355751991271973e-01
2.205815631896257401e-03
9.003333002328872681e-02
6.728629581630229950e-03
6.999977864325046539e-03
7.668806314468383789e-01
2.228421508334577084e-04
4.414981603622436523e-01
4.161152057349681854e-03
4.076951590832322836e-04
7.885005474090576172e-01
2.830683290958404541e-01
8.807378262281417847e-02
8.723508119583129883e-01
3.883003373630344868e-04
2.984126913361251354e-04
4.537203907966613770e-01
9.163037538528442383e-01
2.470344677567481995e-02
5.146293714642524719e-02
4.086975241079926491e-04
1.323665585368871689e-02
2.762471267487853765e-04
1.510643959045410156e-01
3.776946337893605232e-03
1.615039110183715820e-01
4.361708706710487604e-04
2.310101985931396484e-01
6.477137655019760132e-02
4.782458841800689697e-01
1.362710376270115376e-03
1.517249038442969322e-04
4.698052071034908295e-04
8.917423896491527557e-03
3.008217609021812677e-04
8.108018636703491211e-01
2.080449368804693222e-03
6.610326468944549561e-02
4.108329769223928452e-03
2.394861727952957153e-01
9.786132574081420898e-01
2.531578950583934784e-02
5.139709450304508209e-03
8.921872973442077637e-01
4.858335887547582388e-04
5.174717679619789124e-02
8.245660662651062012e-01
4.757746355608105659e-04
4.083558451384305954e-03
4.304200038313865662e-02
5.149174015969038010e-03
7.639636751264333725e-04
1.538921496830880642e-03
4.352454245090484619e-01
1.020503640174865723e-01
5.517597198486328125e-01
5.762007087469100952e-03
9.828687906265258789e-01
9.043974876403808594e-01
9.743246436119079590e-01
7.076109051704406738e-01
5.274692922830581665e-02
6.597714964300394058e-04
1.159315288532525301e-04
8.922489881515502930e-01
7.608893513679504395e-02
1.825230894610285759e-03
1.173497526906430721e-03
9.685604572296142578e-01
1.002297038212418556e-03
9.270761609077453613e-01
3.095113933086395264e-01
1.081147813238203526e-03
7.023524027317762375e-03
5.316652655601501465e-01
1.759219914674758911e-02
9.958657622337341309e-02
7.158346852520480752e-05
9.306281805038452148e-01
1.137511455453932285e-03
5.427216092357411981e-05
1.516248215921223164e-03
3.191697224974632263e-02
9.095433354377746582e-01
9.132903218269348145e-01
9.832416772842407227e-01
1.774137257598340511e-03
1.328256577253341675e-01
5.827772617340087891e-01
3.120191097259521484e-01
1.038961112499237061e-02
3.008606145158410072e-04
9.915980696678161621e-02
2.768370090052485466e-03
2.402582671493291855e-03
1.233297662110999227e-04
2.509306371212005615e-02
2.547471085563302040e-03
3.157742554321885109e-03
6.784422439523041248e-04
9.865338802337646484e-01
5.763451103121042252e-03
5.022286131861619651e-05
1.456395722925662994e-03
2.572056546341627836e-04
8.022543042898178101e-04
7.654678774997591972e-04
9.217258691787719727e-01
3.773688804358243942e-03
1.568478881381452084e-03
2.474959474056959152e-03
9.166800379753112793e-01
1.890184581279754639e-01
6.313179135322570801e-01
1.020478957798331976e-04
3.313382342457771301e-02
3.532161004841327667e-03
3.788287518545985222e-03
1.605470897629857063e-03
6.156597519293427467e-04
9.957224130630493164e-01
2.134234458208084106e-01
2.662558399606496096e-04
2.380742877721786499e-01
9.829697664827108383e-04
1.874441504478454590e-01
2.055860531982034445e-04
3.602009713649749756e-01
2.707077946979552507e-04
2.937007695436477661e-03
3.062983741983771324e-03
9.415015665581449866e-05
8.014539480209350586e-01
1.958535164594650269e-01
7.142941467463970184e-04
5.744312074966728687e-04
2.386024134466424584e-04
3.668478876352310181e-02
4.620472788810729980e-01
1.322719850577414036e-03
7.282561659812927246e-01
4.258651435375213623e-01
4.602029174566268921e-02
9.130353331565856934e-01
4.516780674457550049e-01
6.891548633575439453e-01
6.766972690820693970e-02
8.400248289108276367e-01
9.959254264831542969e-01
1.324966200627386570e-03
9.340072865597903728e-04
1.613927015569061041e-04
3.018404729664325714e-02
1.793124829418957233e-03
7.123295664787292480e-01
8.473126888275146484e-01
9.897086024284362793e-01
9.578747153282165527e-01
2.951602637767791748e-01
1.552345696836709976e-03
5.574393551796674728e-03
1.943149138242006302e-03
9.959235191345214844e-01
3.076584544032812119e-03
4.696780160884372890e-05
1.384230912663042545e-03
7.775339484214782715e-01
6.080598570406436920e-03
9.276950955390930176e-01
2.331850555492565036e-04
1.175665780901908875e-01
5.362314581871032715e-01
1.886964892037212849e-04
2.179159671068191528e-01
1.249236229341477156e-04
2.350072376430034637e-03
7.740409970283508301e-01
1.804959475994110107e-01
1.218495381181128323e-04
2.662478655111044645e-04
2.673422694206237793e-01
9.769880771636962891e-01
9.893406033515930176e-01
3.113213228061795235e-03
9.802683591842651367e-01
4.775697831064462662e-03
6.844587624073028564e-02
9.214928150177001953e-01
8.697065059095621109e-04
4.202305804938077927e-03
7.970604114234447479e-03
7.130391895771026611e-04
4.237222310621291399e-04
6.836377084255218506e-02
2.474522450938820839e-03
4.589993953704833984e-01
3.309861198067665100e-02
6.608910560607910156e-01
9.986170530319213867e-01
6.879485249519348145e-01
9.713637232780456543e-01
7.276276946067810059e-01
4.493112489581108093e-02
1.366521231830120087e-02
7.315953075885772705e-02
2.562336856499314308e-03
1.069473946699872613e-04
6.795473098754882812e-01
4.971259040758013725e-04
6.801894307136535645e-01
1.029373961500823498e-04
2.256921026855707169e-03
8.545733988285064697e-03
3.813560178969055414e-04
8.264521602541208267e-04
1.082742493599653244e-02
9.540845155715942383e-01
3.296181559562683105e-03
1.487359218299388885e-02
3.062627837061882019e-02
4.309423267841339111e-02
2.914715111255645752e-01
6.809175014495849609e-01
9.212244185619056225e-05
2.522894926369190216e-02
1.669603167101740837e-03
3.494069576263427734e-01
6.051580905914306641e-01
4.265333712100982666e-01
8.307226933538913727e-03
5.971742868423461914e-01
1.395584433339536190e-03
8.898311352822929621e-05
5.433596670627593994e-04
7.849903106689453125e-01
1.647894503548741341e-03
2.062347484752535820e-03
5.682506598532199860e-04
5.785067677497863770e-01
2.030055038630962372e-04
2.789573073387145996e-01
6.574386954307556152e-01
3.021851181983947754e-02
9.980077147483825684e-01
2.613665419630706310e-04
9.276950955390930176e-01
6.002345681190490723e-02
2.589675132185220718e-03
1.826012693345546722e-02
9.703100919723510742e-01
3.061709459871053696e-03
4.889195552095770836e-04
9.501170279690995812e-05
9.093893766403198242e-01
9.522634744644165039e-01
9.106736183166503906e-01
1.046510988089721650e-05
9.209989905357360840e-01
3.535075229592621326e-04
1.053514351951889694e-04
9.351298809051513672e-01
1.997118815779685974e-02
4.400231242179870605e-01
8.665238618850708008e-01
9.726021289825439453e-01
2.459517717361450195e-01
3.100959656876511872e-05
1.616468466818332672e-02
9.580129981040954590e-01
8.287748321890830994e-03
9.943006038665771484e-01
3.305488228797912598e-01
1.857015192508697510e-01
5.501247644424438477e-01
3.823296865448355675e-03
3.473868709988892078e-04
6.442639278247952461e-04
3.222416853532195091e-04
5.157287716865539551e-01
5.252470728009939194e-04
1.848987638950347900e-01
4.115085303783416748e-01
1.714188954792916775e-03
4.750148057937622070e-01
9.551056623458862305e-01
9.303466067649424076e-04
5.572179798036813736e-03
9.820942282676696777e-01
2.417653886368498206e-04
8.327096002176403999e-04
1.267780736088752747e-02
3.120489185675978661e-03
4.538458585739135742e-01
1.114364340901374817e-01
3.828328102827072144e-02
1.487729605287313461e-03
3.966276533901691437e-03
3.082780400291085243e-03
9.734492301940917969e-01
4.285460803657770157e-03
8.505006553605198860e-04
6.304604467004537582e-03
2.157484414055943489e-04
8.114214870147407055e-05
1.435490399599075317e-01
6.958623416721820831e-03
2.021508067846298218e-01
2.062147408723831177e-01
3.866553008556365967e-01
6.186457872390747070e-01
2.240416826680302620e-03
1.194235160946846008e-01
1.095107872970402241e-04
2.226937562227249146e-03
9.855594635009765625e-01
1.714800368063151836e-03
9.045495390892028809e-01
9.166800379753112793e-01
3.473539352416992188e-01
7.290873327292501926e-04
1.036293571814894676e-03
8.731557056307792664e-03
6.886535789817571640e-03
1.698531676083803177e-03
9.830659255385398865e-04
7.047618273645639420e-03
5.064743384718894958e-02
8.579183369874954224e-03
9.955987930297851562e-01
2.840582281351089478e-02
8.449859917163848877e-02
3.893647517543286085e-04
1.044286618707701564e-04
8.106074929237365723e-01
2.018217593431472778e-01
9.910549521446228027e-01
3.967394530773162842e-01
9.593929648399353027e-01
1.990541368722915649e-01
4.385731517686508596e-05
7.541970908641815186e-02
2.816735650412738323e-04
1.273784041404724121e-02
9.395726025104522705e-02
2.447153627872467041e-02
9.477917551994323730e-01
1.590349245816469193e-03
4.149913729634135962e-04
1.127576082944869995e-01
5.764200817793607712e-03
2.796388976275920868e-02
7.272810675203800201e-03
1.192889176309108734e-04
8.411659509874880314e-04
3.883754601702094078e-03
9.992915391921997070e-01
9.276950955390930176e-01
5.960458517074584961e-02
5.039388779550790787e-04
4.272544290870428085e-03
7.174669951200485229e-02
3.219490945339202881e-01
8.872342878021299839e-04
9.581744074821472168e-01
1.328845694661140442e-02
5.688891978934407234e-04
4.353251715656369925e-04
3.627280704677104950e-03
7.362942560575902462e-04
