1.482430961914360523e-03
2.550333738327026367e-01
9.393010986968874931e-04
1.838953793048858643e-02
5.793400923721492290e-04
3.408925840631127357e-05
3.100217436440289021e-04
9.721002578735351562e-01
6.202230229973793030e-03
2.728031873703002930e-01
1.038570655509829521e-03
1.242338563315570354e-03
1.588696177350357175e-04
2.486745652277022600e-04
1.093686558306217194e-03
9.984912872314453125e-01
1.011153915897011757e-03
7.774509722366929054e-04
9.757496118545532227e-01
5.381173919886350632e-03
2.977543510496616364e-02
4.659729823470115662e-02
4.251756891608238220e-02
1.621082052588462830e-02
1.165071967989206314e-02
7.615751237608492374e-04
3.982324618846178055e-03
2.726412378251552582e-02
5.323522165417671204e-02
5.071350024081766605e-04
5.353009910322725773e-04
1.208886504173278809e-02
3.997264429926872253e-04
9.685564436949789524e-04
7.856190949678421021e-02
1.064021838828921318e-03
3.743447363376617432e-02
1.881406205939128995e-04
1.092241494916379452e-03
1.713241508696228266e-04
3.874928006553091109e-05
8.373297168873250484e-05
7.637943327426910400e-02
4.257634282112121582e-04
1.545082195661962032e-04
8.656764985062181950e-04
2.590031549334526062e-02
3.370233252644538879e-02
1.704968308331444860e-04
2.224955096608027816e-04
4.047057405114173889e-02
1.963363774120807648e-02
2.114650851581245661e-04
9.298653458245098591e-04
4.636323545128107071e-03
1.337692810920998454e-04
4.451885761227458715e-04
6.178991170600056648e-04
1.689357161521911621e-01
3.196978941559791565e-04
5.352976149879395962e-04
1.552963396534323692e-03
1.725146546959877014e-03
2.898249309509992599e-03
4.069278482347726822e-03
8.359648287296295166e-03
1.840666085481643677e-01
1.965154078789055347e-04
2.228563971584662795e-04
1.065411567687988281e-01
4.929648130200803280e-04
1.665351241827011108e-01
7.142642736434936523e-01
3.394351515453308821e-04
5.620970577001571655e-02
6.164997466839849949e-04
6.297392537817358971e-04
2.082144375890493393e-03
1.325779594480991364e-03
3.376943618059158325e-02
9.305651187896728516e-01
5.007471772842109203e-04
3.409567056223750114e-03
1.037212859955616295e-04
1.105547416955232620e-03
1.489356625825166702e-03
1.550911343656480312e-03
7.822865154594182968e-04
3.553837887011468410e-04
9.311416149139404297e-01
3.131211102008819580e-01
1.898421614896506071e-04
3.163652581861242652e-05
1.095713887480087578e-04
7.003304781392216682e-04
4.988376167602837086e-04
2.261706395074725151e-03
1.275989343412220478e-03
1.148973009549081326e-03
4.680793499574065208e-04
7.158738970756530762e-01
1.038123294711112976e-02
5.183453904464840889e-04
4.648083355277776718e-03
9.586906433105468750e-02
1.635777443880215287e-04
4.286936949938535690e-03
5.238192155957221985e-03
5.219969898462295532e-05
3.185054520145058632e-04
2.034787461161613464e-02
2.052962663583457470e-04
2.376528282184153795e-04
3.250481095165014267e-04
1.219357736408710480e-02
8.834416270256042480e-01
3.443464338779449463e-01
1.376403030008077621e-03
8.366128429770469666e-03
4.552931338548660278e-02
2.023433893918991089e-02
2.449312806129455566e-01
9.450244903564453125e-01
1.990255113923922181e-04
1.472480071242898703e-04
2.504002186469733715e-04
1.313705812208354473e-03
6.030366057530045509e-04
4.623739514499902725e-04
1.075048279017210007e-02
3.379180998308584094e-05
3.521395847201347351e-02
1.305334037169814110e-03
1.842346391640603542e-03
1.143907546065747738e-03
2.150298655033111572e-01
1.840347074903547764e-03
8.988189697265625000e-01
9.924677014350891113e-01
6.285392493009567261e-02
3.809984482359141111e-04
3.042148637177888304e-05
9.519187733530998230e-03
2.959947101771831512e-03
3.296265203971415758e-04
6.892528850585222244e-03
2.837385283783078194e-03
1.497920166002586484e-04
1.586127793416380882e-03
1.707147806882858276e-02
2.188975214958190918e-01
1.822629244998097420e-03
3.557362360879778862e-04
5.073622334748506546e-03
1.988773979246616364e-02
1.237610238604247570e-03
5.792241790913976729e-05
2.384492661803960800e-03
4.507171106524765491e-04
8.812454179860651493e-04
8.135811658576130867e-04
1.795569318346679211e-03
4.277373082004487514e-04
7.691667269682511687e-05
5.310375127010047436e-04
4.020958440378308296e-04
1.301866141147911549e-03
2.509617770556360483e-04
6.520979106426239014e-02
4.518603091128170490e-04
1.602473203092813492e-04
5.680665344698354602e-05
1.152357217506505549e-04
3.310926840640604496e-04
1.299785263836383820e-02
6.536629371112212539e-05
7.214311044663190842e-03
4.095522745046764612e-04
5.502025596797466278e-04
2.306822454556822777e-03
3.414903767406940460e-04
2.247128286398947239e-04
4.539387766271829605e-03
9.243543900083750486e-05
7.230353951454162598e-01
5.144549068063497543e-04
1.669574412517249584e-03
9.486799836158752441e-01
1.825378239154815674e-01
2.190789236919954419e-04
9.966993927955627441e-01
7.238995749503374100e-04
5.087969475425779819e-05
1.306794583797454834e-02
1.483619958162307739e-01
2.219168702140450478e-03
1.387095660902559757e-03
3.077980363741517067e-04
4.422091587912291288e-04
3.121586740016937256e-01
1.108677010051906109e-03
2.332475185394287109e-01
1.122910762205719948e-03
5.125955212861299515e-03
3.594788024201989174e-03
9.956696303561329842e-04
5.916911736130714417e-02
9.714285260997712612e-04
1.097014406695961952e-03
1.326958532445132732e-03
3.391051664948463440e-02
9.974276423454284668e-01
4.301513399695977569e-05
6.750606000423431396e-02
2.970714704133570194e-04
1.593928667716681957e-03
7.869157707318663597e-04
2.566988347098231316e-03
1.059150882065296173e-02
2.635428607463836670e-01
3.513446077704429626e-03
1.268990337848663330e-03
3.468657669145613909e-04
1.068343408405780792e-04
4.301999229937791824e-03
3.439798456383869052e-05
8.538310416042804718e-03
1.032780483365058899e-01
4.123979015275835991e-04
1.011153915897011757e-03
5.416414933279156685e-05
1.768653392791748047e-01
6.914726644754409790e-02
6.072187898098491132e-05
9.531152900308370590e-04
3.955380088882520795e-05
1.330546103417873383e-03
2.110614180564880371e-01
6.661054491996765137e-01
5.457530642161145806e-05
2.804349642246961594e-04
4.148981533944606781e-04
2.568314375821501017e-04
1.311433297814801335e-04
4.007531388197094202e-04
2.360754879191517830e-03
3.821418213192373514e-04
2.915242686867713928e-03
1.505650347098708153e-03
2.830082783475518227e-03
1.226263958960771561e-02
9.907277822494506836e-01
5.473655182868242264e-04
3.422269364818930626e-04
8.001808822154998779e-02
1.304489094763994217e-03
2.810294041410088539e-03
3.373856190592050552e-03
3.233466446399688721e-01
7.024352089501917362e-05
5.323518998920917511e-04
2.182377735152840614e-03
2.919102646410465240e-02
2.127089770510792732e-03
3.699573222547769547e-03
7.275059469975531101e-04
3.982322814408689737e-04
2.032505290117114782e-04
3.530930960550904274e-03
4.926419854164123535e-01
2.935060858726501465e-01
4.826097574550658464e-05
2.806611882988363504e-04
7.872879505157470703e-03
1.951418234966695309e-04
7.445932715199887753e-04
3.296342620160430670e-04
5.917480448260903358e-04
3.029192797839641571e-03
6.855875253677368164e-04
1.857467740774154663e-01
7.545653730630874634e-03
4.987240433692932129e-01
1.302589313127100468e-03
6.674336327705532312e-05
5.194744444452226162e-04
7.877370226196944714e-04
3.740842919796705246e-03
1.022675773128867149e-03
2.228069351986050606e-03
1.722088491078466177e-04
2.992848632857203484e-03
5.539326230064034462e-04
4.045556488563306630e-05
6.191222928464412689e-04
8.488748222589492798e-03
8.442168473266065121e-04
9.975786805152893066e-01
2.927811117842793465e-03
4.821448121219873428e-03
3.488716902211308479e-05
6.402966380119323730e-01
6.555294990539550781e-02
9.587633609771728516e-01
1.360016467515379190e-04
2.693877788260579109e-03
1.011153915897011757e-03
2.130511449649930000e-03
2.615245757624506950e-03
8.405814319849014282e-02
3.367511380929499865e-04
3.021313168574124575e-04
1.588946179253980517e-04
2.824044495355337858e-04
9.897165000438690186e-03
2.090510539710521698e-02
5.651145055890083313e-02
1.224545412696897984e-04
1.383537310175597668e-03
3.236176416976377368e-05
1.303396420553326607e-04
2.207326330244541168e-02
1.494071334600448608e-01
4.914024770259857178e-01
4.246094450354576111e-02
1.614660024642944336e-02
1.055155531503260136e-03
2.692072666832245886e-05
4.862814384978264570e-04
2.885313704609870911e-02
4.330905794631689787e-04
3.172165947034955025e-03
5.747181177139282227e-01
7.832336705178022385e-04
4.363059997558593750e-01
3.120986744761466980e-03
9.925085032591596246e-05
1.224807230755686760e-03
7.262988947331905365e-04
2.082460522651672363e-01
3.535049036145210266e-04
2.565309405326843262e-01
4.773113504052162170e-02
1.931958104250952601e-04
5.184196233749389648e-01
1.772471005097031593e-03
2.896843943744897842e-04
1.424598973244428635e-03
6.135064904810860753e-05
3.874107263982295990e-03
2.939286350738257170e-04
9.816449880599975586e-01
1.821852475404739380e-02
4.526812434196472168e-01
1.168539747595787048e-02
1.519037527032196522e-03
1.571198226884007454e-04
9.947657585144042969e-01
3.369198413565754890e-03
1.560436212457716465e-04
8.623461239039897919e-03
2.003785688430070877e-03
4.391848924569785595e-04
2.185501216445118189e-04
7.100194488884881139e-05
1.763657666742801666e-03
1.293770037591457367e-03
7.768335938453674316e-01
5.548893241211771965e-04
5.934219956398010254e-01
5.583426100201904774e-04
2.527173142880201340e-03
1.751964446157217026e-03
7.709758210694417357e-05
4.162294499110430479e-04
2.804840682074427605e-03
9.962060451507568359e-01
5.867221043445169926e-04
1.152357217506505549e-04
6.464449763298034668e-01
1.833186601288616657e-03
8.523691445589065552e-02
9.899078607559204102e-01
1.505678286775946617e-03
3.015837573911994696e-04
1.562004326842725277e-04
3.645064716693013906e-04
2.738002222031354904e-03
1.755314180627465248e-03
1.771696028299629688e-03
9.702798724174499512e-01
4.210947954561561346e-04
5.735945887863636017e-04
9.973629117012023926e-01
1.826334446668624878e-01
2.394125238060951233e-02
3.300261450931429863e-03
2.332363724708557129e-01
1.254470273852348328e-02
4.780543446540832520e-01
5.326976679498329759e-05
8.246907591819763184e-02
1.452218159101903439e-03
3.851890796795487404e-04
5.722832283936440945e-04
1.236845157109200954e-03
4.260167945176362991e-03
1.621806528419256210e-03
1.331787207163870335e-03
1.668986631557345390e-03
2.319007646292448044e-03
5.760286585427820683e-04
3.090296813752502203e-04
6.466937338700518012e-05
5.605652113445103168e-04
4.908097907900810242e-04
7.640205876668915153e-05
1.011153915897011757e-03
4.514032229781150818e-02
1.164848872576840222e-04
3.883869852870702744e-03
4.484460514504462481e-04
4.829599056392908096e-03
1.365118223475292325e-04
9.163667709799483418e-05
1.631933450698852539e-02
1.136717182816937566e-04
3.917883732356131077e-04
1.853762310929596424e-03
3.207111149094998837e-04
