1.187659386808672402e+01
5.095882154494297822e+00
4.512977499953018778e+00
-2.914489576220593126e+00
1.986224722598405601e-01
-5.736520277873811136e-01
-1.449094380512973235e+00
-1.707067012150804786e+01
-2.681746952169276721e+00
-7.609730319418521738e+00
-5.233925233127356691e+00
-6.110626302290652845e+00
-9.322738653152757848e+00
-2.489190424671058555e+00
7.493740365768981171e+00
-8.046468475212721572e+00
6.125162935818069698e+00
-1.859665214162453895e+00
-6.036931250961539597e+00
-1.604957547640605720e+00
4.154644441791694121e+00
2.301340557746129001e+00
-7.003981695525166806e+00
-4.608558440174262749e+00
-1.274349587702063025e-01
-1.156074686972920773e+01
1.001324495095458483e-01
-1.885252572580698560e+00
5.474804689035946303e+00
4.407540223883523289e+00
-1.545959766059230578e+00
2.026431579741982070e+00
-1.222707274265837007e+01
-1.570821081888667647e+00
3.184364049440804312e+00
-2.818111147881702472e+00
-5.102642291465969926e+00
5.370576542548875842e+00
-4.514103992091585416e-01
-3.571005825903660114e+00
1.030506985316708679e+01
9.906170038851128012e+00
6.784330656537161275e+00
1.198440298874569798e+01
1.457920157301553887e+00
1.226688257888898548e+01
-8.154629669922172086e-01
-1.692486648087744738e+00
-2.575349801710261399e+00
3.349758467865086242e+00
1.476673433464148755e-01
2.281199176139058871e+00
9.781913061732252501e+00
-9.215028862340387761e+00
1.587392788620000328e+00
-2.723403004642131364e+00
3.394651553215984308e+01
-1.097820844483840119e+01
1.570534858343872298e+00
5.524317177687522173e-01
-1.064867022696075249e+00
1.111319903387044450e+00
2.737598963797227825e+01
-2.293957621797524382e+00
-1.213862253275380709e+01
8.128419093066490575e+00
1.356988758199388467e+00
1.150228610705463872e+01
1.073021943175481319e+01
-1.497771850199049348e+00
3.826802215032038212e+00
3.001399215227564365e+00
-1.686266741195172969e+01
9.003432791626829745e-01
5.788873381586492783e+00
4.836934692984453221e+00
2.587455474195729632e+00
-4.298197422138570367e+00
1.763355641682535502e-01
-5.217345636607324089e+00
-5.473874625916288039e+00
-9.558495909347504593e+00
-7.375167767787921491e+00
-3.697536245759021623e-01
4.319647164064270406e+00
7.431459438960647645e+00
-2.222742524951714316e+00
-8.949211274682841832e+00
-3.908814894374728482e-02
-1.627051562712921040e+01
6.397306575614339685e+00
-5.658570857955479205e+00
8.319457622878207559e+00
-8.381928202737270794e+00
-7.560056172837359867e+00
7.750577770476630768e+00
2.833040611926282537e+00
-1.329581969887129134e+01
-1.260882884270218973e+01
-8.284277087661655603e-01
-9.808806047287472296e+00
2.795031809716320925e+00
-1.822019241457612404e+00
6.477785461315985760e-01
2.439671738641843390e+00
-2.147234128677389720e+00
6.530329742021751649e+00
7.069000971957768442e+00
4.848120219792507513e+00
3.759657569582670078e+01
4.409142955621273528e-03
4.756247320039481252e+00
-7.566199242372648293e+00
-7.240289687146303166e+00
1.254769945072639947e+00
-3.586853258423885471e+00
-8.638708891014550417e+00
2.327669275696032614e+01
-4.407977359960592700e+00
2.530122312616238212e+00
3.929058255890801044e-01
-6.913250070967207062e-02
-1.681958400153014921e+01
-1.187513858582397930e+01
-5.405141434160795733e+00
-4.675331786225304098e-01
8.576049255348812128e-01
7.107789061553865251e-01
8.481484079861514758e+00
4.068190593434968250e+00
2.228743401805792335e+00
2.916773728007798550e+00
-8.238026400581661690e+00
-8.927944157484718701e+00
3.021375950083732942e+00
4.216795374332141577e+00
-1.866578880019774678e+00
-1.751157572195918277e+01
-3.087048116530605846e+00
-8.449348615111608396e+00
1.224641355851899327e+01
-1.528307540992842051e-01
9.429174628975705019e+00
-7.810249628019589885e+00
8.351605501302767465e+00
-7.532955834168917342e-01
2.850109713191556704e+00
7.062944525796367223e+00
-2.236181811438589850e+00
-3.593208857482308360e+01
1.515073326087845729e+00
6.257659245538490289e+00
9.984123833601509901e+00
-6.504522994411699344e+00
1.146436246703056128e+01
-1.019246089380016862e+01
-1.240561429775504099e+00
-8.489744718286489800e+00
2.140333085675908720e+01
1.378373098043221612e+00
-9.898973570021338375e+00
3.794860182096396195e-01
-3.349405324440227760e-01
-7.199539361528458636e-01
9.018570653632316692e+00
3.917460585409371365e+00
4.548724736633805499e+00
1.299914465741990632e+01
9.771368496212440302e-01
1.342721527591578923e+00
-7.258855371354606234e+00
-5.408036950737866277e+00
8.489307516519421171e+00
-9.238377717427459501e+00
-1.431396090710338687e+00
8.263502753434277537e-01
-7.418287367034624991e-01
-1.111038211550615351e+01
-1.072082634818261493e+00
-1.211716214456311835e+00
1.996935819758992814e+00
-3.593704473343785288e+00
2.420320962535646547e+00
-2.922374787153006470e-01
1.611871435441782241e+00
3.340696864835631175e+01
-1.876528113638140205e+00
-3.711798489269075851e+00
2.535841768500793680e+00
1.224855117797545034e+01
-1.322339668071801277e+01
-1.060417255021840077e+01
-1.020507695935690684e+00
3.112148840030228847e+00
5.358708188782533632e+00
9.163557129314607863e+00
3.938988027413561355e-01
-8.528273129008907105e+00
-3.235696702157331739e+00
5.450391352709200277e+00
9.239352861420311314e+00
-6.124803398145584055e+00
-8.268475829787973463e-01
3.492686421719378931e+00
6.762520995298368920e-01
1.508604950159125213e+00
-3.022079515211511525e-01
-3.062570686837585932e+00
-6.870969014002341169e+00
1.817727534495187980e+00
-1.002152391071427395e+00
-6.703980748597096806e+00
-4.847264411574944698e-01
9.931143895628574469e+00
3.962174564807153132e+01
1.223166046128328910e-01
-7.239476869626027877e+00
-2.144777569771501025e+00
4.668771554550290581e+00
4.536085237112092550e+00
-9.267368544702929256e+00
3.533226768930369133e+01
3.059636173258029057e-01
1.152848642939171242e+01
-9.634600952081672887e+00
-1.589909248804633801e+00
9.730752349523712041e+00
5.091873766326441064e+00
-1.671348544086662224e+00
6.125162935818069698e+00
1.037540300735209309e+00
2.154604233247472855e+00
2.073886469300333601e+00
-2.967638830925804494e-01
-6.821069850617915709e-01
-1.206388022621027734e+00
-1.135425980875923635e+01
2.333560171984888854e+00
6.862316355353131669e+00
1.216128197896207075e+00
4.515485723240463045e+00
-4.348947112101964052e+00
-9.971113860340313551e+00
8.438722493538854508e+00
1.821731790503678505e+00
-2.202529176625850127e+00
-2.602387846891491829e+00
2.463189494341881947e-01
2.595493065156565748e+00
1.134625501079566057e+01
-7.907834924620043893e+00
-6.845079753127262023e+00
9.647419372011915684e+00
-1.902611360460058965e+00
3.487308162698777192e+00
1.017903935172442331e+01
1.731841717593857854e+00
-5.179349867007233321e+00
-3.251300819079364857e+00
8.845096504098096446e+00
-7.020943297487394652e+00
3.264370370284463974e+00
6.881402538447335404e-01
-1.667810222600650594e+00
4.729316863637113677e+00
7.416189066733888779e+00
-4.330426166979140512e-01
3.091991552443876579e+00
4.959873206910826449e-01
-7.345825409170164022e+00
1.493739178710107307e+00
2.424695063468849110e-01
2.591802591221449248e+01
-8.227045485761696142e+00
8.611155556899547037e+00
3.427290739940680897e+00
-4.460310760218842430e-01
-3.867310428693864655e+00
-7.547546705215075313e+00
-2.857140089765210167e+00
-6.979188962699427456e-01
-2.125512749264765855e+00
1.171807181954935162e+00
6.070991240560573710e-01
-1.194233830859559253e+00
-8.020101015066133598e+00
2.564055082695525201e+01
-2.131718938757784176e+00
-8.371586476691692980e+00
1.075726148936448689e+00
4.197967176707098069e+00
2.039948704799682266e-01
7.965374929367883716e+00
-7.236925994951389773e-01
2.287473550044486714e+00
2.247867241500971947e+00
3.715683869619196145e+01
-1.693408304542378673e+01
1.142438680501869186e+01
4.174477494991954529e+00
7.224122845632957590e-02
1.018141617132177323e+00
2.693566152959003368e+00
5.844645900544779948e+00
8.720494906785402733e+00
-1.731190534516628077e+00
6.125162935818069698e+00
-2.701403227829348719e-01
-7.167100635819299015e+00
7.138296081798334303e-01
-1.379905555153330177e+01
-7.393203650140566907e+00
6.354353319201289096e+00
3.352798746714801936e+00
5.508190339185744300e+00
2.744138144976534299e+00
2.921020769950118723e+00
2.022940811862316668e+00
1.819535527710947953e+00
-1.035973804408033061e+01
-2.152125527788051884e-01
-6.407716548774440746e+00
-3.435399168696981587e+00
4.901180072536863719e+00
2.616786284180700140e+00
3.088041587737019533e+00
-1.394562769323943030e+01
-1.118280374246502840e+00
-6.553190216255088130e-01
1.423200443737651977e+00
-1.640177197404669274e+00
-2.795679869668138195e+00
3.106625567376366526e+00
-1.030789398945116808e+01
3.356421934501216064e+00
7.380444030261343435e+00
-5.855389100331896968e-01
-8.728052710218932475e+00
4.092134077686028881e+00
5.402046320834411830e+00
9.828257476788850866e-01
2.452427962379414517e+00
-2.840961042318522756e-01
3.584097210194788996e+00
-9.748081975922562314e-01
1.309256551157381709e+00
2.248459106593038381e+00
5.178722364620951701e+00
7.333808618470889051e+00
-8.356228912838135514e+00
2.694756659136310795e+00
-1.403111995489697250e+01
9.116964980450829259e+00
2.869837323308775723e+00
-1.211123175795513873e+01
-1.509663966168270921e+00
-3.587287754626300451e-01
-8.440360806960216067e+00
-9.977665085118941235e+00
2.585188367120366815e-01
-8.373845951965858347e+00
7.050191993050615835e+00
1.036378195666627144e+00
1.627575355698325454e+00
-3.238222041362267406e-02
3.399074506254351036e+00
-9.032715238034269234e+00
-8.384267439624494500e+00
8.705770540460873619e+00
1.210208765189839886e+00
-1.803978351902480348e+00
-1.031867151981173336e+01
-3.670683450876817133e+00
4.536925839182202047e+00
-5.470362651928030173e-01
-3.952959982828259555e+00
-6.617765885219909272e+00
-4.172000756646458086e+00
8.489307516519421171e+00
9.809911186270209305e-01
-1.101171599678540325e+01
-2.052165109428130130e+00
-1.580963674083390202e+01
1.339295937278752824e+01
-3.012171120673621694e+00
9.120251206483587225e+00
2.217337210756241905e+00
2.898789950563803730e-01
-5.721874047851465583e+00
-3.704512677339823590e+00
-1.148683963410075037e+01
1.129762835543016708e+00
7.863751348057891555e+00
-1.018487462472768001e+01
-4.460432189338511932e+00
3.304122120336327573e+00
-2.489091168359618411e+00
2.876641511551230490e+00
3.947961007154857427e+00
5.432164149707203293e+00
3.566241038212158099e+00
-1.832596091977442831e-01
5.070916990245419420e+00
-1.318205245081587584e+01
-1.560286320538249250e+01
2.425055305485990687e+00
3.039424681955384067e+00
-1.240129424789274992e+01
-9.911256072778487081e-01
-9.268638846393887576e+00
2.500881174532389650e+01
-3.778147387716938699e+00
2.360264779201572072e+00
-7.126414416206819924e-01
1.241719520070081018e+01
1.851006361919250498e+00
1.048477009769932877e+01
6.125162935818069698e+00
-1.918151420244330330e-01
6.149183904184254423e+00
-1.958276950152232354e+00
-1.297917038652065314e+00
1.860508663597194134e+00
-1.483429604099470112e+00
-1.242147506697252801e+01
-3.568104070324088717e+00
-2.336641247424480206e+00
-1.093036861513402336e+01
-1.334351311146270014e+01
-9.035345862210833801e+00
