-1.784337032326048131e+02
-1.789906889663876086e+02
-1.775241630169456357e+02
-1.788222854872095695e+02
-1.790729457610952977e+02
-1.790540388768528146e+02
-1.796263100146888689e+02
-1.794872056690188344e+02
1.783643749675155732e+02
-1.796875583859802248e+02
-1.790824108308919733e+02
-1.787499961769193533e+02
-1.791006929029432797e+02
-1.796224647339849696e+02
-1.796995699498619672e+02
-1.791806386846681676e+02
-1.769720482259187406e+02
-1.794063752632383455e+02
-1.790382047219146671e+02
-1.789183939810898778e+02
-1.786314223185123353e+02
-1.795786394486904385e+02
1.799533457043899318e+02
-1.792581222737782980e+02
-1.792511239767622442e+02
-1.764624886720625341e+02
-1.797764123931334836e+02
-1.758659868078188424e+02
-1.785825162790264358e+02
-1.779714111071831155e+02
-1.785138066265617738e+02
-1.791511408070527978e+02
-1.779930918604969179e+02
-1.787234286187507735e+02
-1.792847974364937329e+02
-1.781203626546496537e+02
-1.792827261893785646e+02
-1.754210670161628229e+02
-1.799222682736397303e+02
-1.776979160323494398e+02
-1.782882862162412891e+02
-1.776675203137484402e+02
-1.780148263063578042e+02
-1.785799263140850428e+02
-1.793190120693275560e+02
-1.792802067988847341e+02
-1.787752702956868518e+02
-1.785808538450935146e+02
-1.799127224124319469e+02
1.559388989796189833e+02
-1.797605806203087866e+02
-1.779446979669660891e+02
-1.783680303858991465e+02
-1.795604144472989958e+02
-1.795891067640645815e+02
-1.787922005809901407e+02
1.731938230625892174e+02
-1.774073795396511173e+02
1.798993196713828979e+02
-1.784508530437109926e+02
-1.799979971009627775e+02
-1.795078166011372787e+02
-1.748240938880879867e+02
-1.781855963860565453e+02
-1.768500244427243615e+02
-1.797009751686281049e+02
-1.789491735074450105e+02
-1.786288597944539163e+02
-1.784100720467840802e+02
-1.784835276629484611e+02
-1.796151408223588533e+02
-1.794153475384871967e+02
1.795314115861452535e+02
-1.790244183980155128e+02
-1.791079807562683470e+02
-1.783242768765925348e+02
-1.792559923120337828e+02
-1.752511450037526117e+02
-1.790487607015228377e+02
1.795774726885730104e+02
-1.781388947419553972e+02
-1.777110587204716978e+02
1.797585167131789206e+02
-1.794465416111731599e+02
-1.750536818524510920e+02
-1.786702590999016138e+02
-1.778547395724331182e+02
-1.767432428621104634e+02
-1.792075842054442205e+02
-1.799784843245129480e+02
-1.782255949226954215e+02
-1.767041928308899514e+02
-1.787413240793869136e+02
-1.795648081249208587e+02
-1.783975213399327799e+02
-1.774607412711668815e+02
-1.790929277323157294e+02
-1.777405579984391579e+02
-1.795888866339027174e+02
-1.793012046022875552e+02
-1.798977286829352806e+02
-1.795787322912004242e+02
-1.792081889844851617e+02
-1.798823864901639809e+02
-1.781366049086216208e+02
-1.790420239203427286e+02
-1.789313761889937950e+02
-1.774243161053300071e+02
-1.774425216722434300e+02
1.747270619056622536e+02
-1.786556369910033482e+02
-1.780306356419476685e+02
-1.792986108251488702e+02
-1.785152942557439246e+02
-1.790046034935975001e+02
-1.791071992302799174e+02
-1.789134092318679450e+02
1.772851499648826348e+02
-1.792718326700561988e+02
-1.795847127230199192e+02
-1.792085955153308987e+02
-1.792689426181463261e+02
1.796823679805388565e+02
-1.792229459234316096e+02
-1.780921103453497665e+02
-1.799799257769336691e+02
-1.799885915897786219e+02
-1.786183084278562205e+02
-1.796235175006211477e+02
-1.795720870271617002e+02
1.783194536085214281e+02
-1.793681753426376702e+02
-1.760528740865185569e+02
-1.771662865255646864e+02
-1.789766557995767471e+02
-1.780157063248240092e+02
-1.784194624057702185e+02
1.791810701103856616e+02
-1.787779010845736991e+02
-1.792483796626839592e+02
-1.787758658754360965e+02
1.798192812144435209e+02
-1.798653157192556762e+02
-1.788037664442707921e+02
-1.779182926209820437e+02
-1.788063429108223659e+02
-1.787473392956667624e+02
-1.796807627454009548e+02
-1.781885306746621325e+02
-1.518916815148938326e+02
-1.795325715133135134e+02
-1.797165170003803780e+02
1.794471231710186601e+02
-1.792830611381942560e+02
-1.792398300734668055e+02
-1.795019649193379792e+02
-1.786723987616342129e+02
-1.799487719877427594e+02
-1.780353216379074013e+02
-1.792879633987006684e+02
-1.790902793183807375e+02
-1.788839637364053203e+02
-1.791825205286917253e+02
1.772858906622320774e+02
-1.775177541185537677e+02
-1.798817573163941574e+02
-1.786757816832809453e+02
-1.794021212620839378e+02
-1.799783554046652227e+02
-1.790146417776420265e+02
-1.779747702603089579e+02
-1.799667558737548063e+02
-1.794681328087540919e+02
-1.778947922661334360e+02
-1.791122184652413125e+02
-1.793583942096760495e+02
-1.793051921995440807e+02
-1.785863202626672717e+02
-1.789012564878989906e+02
-1.792077571896244592e+02
-1.790092636107926012e+02
-1.792385928553395615e+02
-1.795360754979019475e+02
-1.790965983609285388e+02
1.798247061940252252e+02
1.796187519006666378e+02
-1.778160274596057207e+02
-1.780501500335275296e+02
-1.794263431008598673e+02
-1.787154129334434174e+02
-1.792962061300707717e+02
-1.779827378968000176e+02
-1.796408684410107242e+02
-1.783473879208864048e+02
-1.789563739242092311e+02
-1.789497347403263063e+02
-1.783511433949950344e+02
-1.786090506705815244e+02
-1.787375088980609803e+02
-1.786526001978579927e+02
-1.785321694983893224e+02
-1.782799706813630962e+02
-1.791960264335967281e+02
-1.789409613999531814e+02
-1.784090156137095846e+02
-1.785310692868161482e+02
-1.784346230019136499e+02
-1.794346653450027702e+02
-1.760003518179935611e+02
-1.782199256705997641e+02
-1.796693738460851932e+02
-1.795398739989897194e+02
1.790208853241124700e+02
-1.795318868906453531e+02
1.692683361759308696e+02
-1.793658306346257802e+02
-1.763136028220054925e+02
-1.796985252301396372e+02
-1.793879542753775809e+02
-1.789346690979400591e+02
-1.787354553684925804e+02
1.771631925895604809e+02
-1.797863686421553950e+02
-1.760089254715690856e+02
-1.790803265877987940e+02
-1.796919855616490622e+02
-1.786892409586700694e+02
-1.785878721419713031e+02
-1.777924234761300681e+02
-1.769720482259187406e+02
-1.794092040594279069e+02
-1.791231047285535567e+02
-1.788917395780843549e+02
-1.795132313422701600e+02
-1.789613183906336928e+02
-1.789237049636975883e+02
-1.782694401579697114e+02
-1.799882326154674956e+02
-1.786340947714772085e+02
-1.792707939755155451e+02
-1.787297803864261425e+02
-1.771785393322336404e+02
1.783576250522917519e+02
-1.790686240716036934e+02
-1.789297301637346607e+02
-1.789996352934556683e+02
-1.791550885520171335e+02
-1.788363565315084713e+02
-1.784740731721566078e+02
-1.794451430360150823e+02
-1.793561792783263513e+02
-1.792116614037182671e+02
-1.768523871936597516e+02
-1.796481724371328994e+02
-1.792790384923277998e+02
-1.793168833325390779e+02
1.795263413539041153e+02
-1.713317412516187233e+02
-1.792766083001851030e+02
-1.782913682571328593e+02
-1.751804164313034846e+02
-1.792653439931402488e+02
-1.788423806485970431e+02
-1.768287153031931780e+02
-1.792499326790537282e+02
1.716587141528563620e+02
-1.788375824156844374e+02
1.773938842037418055e+02
-1.792466394411716522e+02
-1.788915785705649171e+02
1.799851930689563346e+02
-1.791988406615228087e+02
-1.732917895061050615e+02
-1.793443774409767855e+02
-1.785035313376629631e+02
-1.791252157982970630e+02
-1.795151867823672944e+02
-1.791526117693469473e+02
-1.796421424486104570e+02
-1.793703918022913228e+02
-1.775804038143360515e+02
-1.782376595635076626e+02
-1.789532898196963799e+02
-1.792418487157588629e+02
-1.794684273062838145e+02
-1.795514134710592771e+02
-1.783898723391468195e+02
-1.781494627528070112e+02
-1.773702622793137209e+02
-1.784426467174571087e+02
-1.786958741110877611e+02
-1.791019201128233647e+02
-1.798152099138576148e+02
-1.799149508191951270e+02
-1.782649030980275597e+02
-1.793642219025776683e+02
1.696889057578819404e+02
1.790533194050113366e+02
1.799491386711203518e+02
-1.790555941222705485e+02
1.788716829385893163e+02
-1.790404476703683656e+02
-1.789771240577153719e+02
-1.793260862635909234e+02
-1.784557536703727010e+02
-1.794836761274120533e+02
-1.769720482259187406e+02
-1.799031275721184784e+02
-1.792379485650848778e+02
-1.794813673575075370e+02
1.771455279472929760e+02
-1.774619116513380845e+02
-1.799285521018445309e+02
-1.784918719034706101e+02
-1.792165549866404604e+02
-1.795377480507528105e+02
-1.788576215015651485e+02
-1.786887873940619045e+02
-1.786576391472009675e+02
-1.779400907341695017e+02
1.745811835929515325e+02
-1.798727505095809533e+02
-1.761349988850479065e+02
-1.795838235835543912e+02
-1.790431456680658471e+02
-1.798307772853230517e+02
1.785394408270286704e+02
-1.785932217562289281e+02
-1.799769507082023665e+02
-1.776288105078878345e+02
-1.785841393229298149e+02
-1.782893437661317364e+02
1.798831003254836958e+02
-1.792368699514657635e+02
-1.785014392848970601e+02
1.799468807300231106e+02
-1.747670526149913144e+02
-1.785242583440081887e+02
-1.790256440564793081e+02
-1.791570505586880415e+02
-1.788298244630409499e+02
-1.765650983237256639e+02
-1.797326309162044140e+02
-1.788993506378790244e+02
-1.796958038609544985e+02
1.797511573996826826e+02
-1.793702798918855592e+02
-1.796407898788040711e+02
1.796944956429750562e+02
-1.785714191823826980e+02
-1.779671964804112747e+02
-1.797406767256427429e+02
-1.780464847225015035e+02
-1.790684328505534211e+02
1.793030855369161429e+02
-1.777453421080269607e+02
-1.791078085125393216e+02
-1.799496805823185923e+02
-1.790297614000078568e+02
-1.789042871033489916e+02
-1.799328413946066973e+02
1.798943096807558675e+02
-1.794462909239227031e+02
-1.795446576500099241e+02
-1.792571894941164032e+02
-1.797532017189041653e+02
-1.782360053518715688e+02
-1.796831220183607343e+02
-1.479402103593521645e+02
-1.789334049686642913e+02
-1.758828884396507135e+02
-1.778915074224181296e+02
-1.741144278701338237e+02
-1.779901028355708092e+02
-1.787057267173598518e+02
-1.787679391123493247e+02
-1.787199154588707302e+02
-1.765070919708685153e+02
-1.794681328087540919e+02
-1.789906199404754830e+02
-1.775340930450872179e+02
-1.780859661425041338e+02
1.797316741140205920e+02
-1.793808290523496680e+02
-1.782258268311834684e+02
-1.790862276690207295e+02
-1.791631415071395850e+02
-1.788214981118550782e+02
-1.796529581579536341e+02
-1.781150671995983714e+02
1.799621387503688936e+02
-1.787174461503694829e+02
-1.799040803937440671e+02
-1.789755970978695530e+02
-1.790224025995469503e+02
-1.797899614159791213e+02
-1.780793949443598763e+02
-1.786283615422034075e+02
-1.789810899501161146e+02
-1.791637400526613533e+02
-1.782478998507227459e+02
-1.787100835907250769e+02
-1.789853602290899062e+02
-1.772272381561230077e+02
1.781254026337667256e+02
-1.789811949725066142e+02
-1.782494511688325645e+02
-1.776352541301898782e+02
-1.791569357388925141e+02
1.406863015001171107e+02
-1.746288155713837114e+02
-1.786356587230146147e+02
-1.777893722415504101e+02
-1.792724764630135326e+02
-1.792628456207048657e+02
-1.796524108961208981e+02
-1.785373810705184212e+02
-1.769720482259187406e+02
-1.758350603114308797e+02
-1.786935624723039382e+02
-1.793734981169774585e+02
-1.787805175617475868e+02
-1.787818969352968281e+02
-1.791219069591686264e+02
-1.775920128166300458e+02
-1.781885294901943837e+02
-1.793212493277775366e+02
-1.789877891663680600e+02
-1.779096685567551503e+02
-1.792848609066994641e+02
