-2.088474080186164983e+01
-1.275809760949939964e+01
-2.192401752672334680e+01
-1.213672945768222933e+00
-8.886960668904425376e+00
-6.067740080879937992e+00
-1.531540310174912456e+01
-6.874535066458079768e+00
-2.634831679910637448e+01
-1.079365017962914308e+01
-1.941061182543717223e+01
-2.656518843031092914e+01
-2.447454040242017825e+01
-1.956036777921140768e+01
-8.663185925307148594e+00
-6.654134541633335509e+00
6.226888697134404183e+00
-1.000078508797146171e+01
9.952802158529504561e-01
-1.187442372680704183e+00
-1.552896733076973135e+01
-1.927473337143047161e+01
-1.642932515751072131e+01
-5.403784813762111838e+00
-1.074769120614189433e+01
-2.651556821192916402e+01
-1.623317113429554936e+01
-2.832873106488749571e+00
-1.538616293945697677e+01
1.228457784009278164e+01
-2.032266741623096706e+01
-1.906475362217784308e+01
-1.791150289950194008e+01
-3.471520762532186666e+01
-1.458611360431680737e+01
-5.467260147464522824e+00
-4.019702684235832990e+00
3.493750745296813065e-01
-1.608201160807781305e+00
-2.186878187456990474e+01
8.070791287440217232e+00
2.692817613484842809e+01
-6.260638486494971566e+00
-3.366453855242089066e+00
-7.155375352495317642e+00
2.178610067437193987e+00
-3.237614602491003524e+00
-6.347944818090390129e+00
-2.319923675345908975e+01
7.526454564401722003e+00
-4.142284908575565083e+00
-1.058663644246663438e+01
9.758098186094296134e-01
-2.273879612702679154e+01
-8.159906954636118925e+00
-2.231076637363420190e+01
-2.908731375399720420e+01
-2.749144612340066018e+01
-1.887603362202768409e+01
1.310082026300974090e-01
-2.887961479869802872e+01
-9.468619365400183341e+00
-4.826282865009135392e+00
-1.027181577003674384e+01
-2.865365297820434165e+01
-1.020216028155973298e+01
-1.664493079796351749e+00
3.808256818710455960e-01
-1.957459294446015630e+00
-1.295423886761501286e+01
-1.380784664286576380e+01
-1.062167431295444686e+01
-6.332882862396413515e+00
-3.346208628366890814e+00
-1.613831042299786489e+01
-2.043241720767086278e+01
-1.585398348965578563e+01
-3.934126261522384027e+01
-2.123644100775866850e+00
-1.361105376322474569e+01
-5.261570407887401490e-01
-2.026659438514363742e+01
-2.176197428824714564e+01
-6.920783053463930301e+00
-5.477764743273893622e+00
-1.267074596570838807e+01
-1.313524902101223724e+01
-2.959981934761765743e+01
-7.826327666335711086e+00
-1.251922077657549970e+01
-7.193489306899919278e+00
1.309935834136086186e+01
1.218760372473881404e+01
-1.479401289589340784e+01
-1.786896805526232868e+01
-9.626817136515947837e+00
-8.197556866664397646e+00
-2.641442184194669451e+01
-1.471272250479832699e+01
-5.341449980363568883e+00
-1.982159435702429562e+01
-1.401931606270841435e+01
-3.752718864477488925e-02
-1.101369992709547851e+01
-1.367690724184553908e+01
-3.606820184133938767e+01
1.938310236177411383e+01
2.930643316423159916e+01
6.103662012569077255e+00
-2.480854377442170033e+01
-5.947274610915401105e+00
-4.346986799866358275e+00
-1.481541918563287652e+01
-1.803700749940576031e+01
-1.674183163942966601e+01
-2.258611471012552663e+00
-1.425736425366424953e+01
-3.008987907151347230e+01
-7.521650734531297289e+00
-1.092473622301391956e+01
-2.213066096519888393e-01
-4.111116499003687252e+00
-1.125914010889427175e+01
-2.445571136345081698e+01
-1.109747577613072345e+01
-8.378163670919446915e+00
-1.122636786101586104e+01
-8.954191709729268922e+00
4.015909623448114196e+00
-1.607310795791222091e+01
-1.946218693448742698e+01
-8.723633602409107013e+00
2.298617352574573403e+01
-2.782550468274114053e+01
-1.041637559607465846e+01
-1.238437796703100346e+01
-9.535690772002407556e+00
-9.309049425161147084e+00
-1.360545518101808327e+01
-9.461345226123489383e+00
-3.911768374691373396e-01
-5.124786734884062334e+00
3.782800465113671518e+00
-1.760808403478222672e+01
3.013066982190729348e+01
-3.527342569613592715e+00
-1.244755284429129993e+01
-2.562375697670278285e+01
-2.117724393839523245e+01
3.064549115077197428e+01
-8.888552999985121161e+00
-2.311177981191584241e+00
-4.551125164012725932e+00
-7.863832245908011664e+00
1.384284558416222000e+00
-2.223563822944673163e+01
-8.835216524040307107e+00
-6.885648061371130169e+00
-1.690744194340137696e+01
-6.321843510534841393e+00
-1.838985470702471403e+01
4.599863714460814101e+00
-4.978803435384776543e-01
-2.560597370649358950e+01
-7.772119224950373884e+00
-1.827648589269097101e+01
-1.852969548911891806e+01
-9.831036941989305111e-01
-7.515109114347503727e+00
-8.758280107484960553e+00
-1.697265824169840798e+01
1.019037759039547275e+01
4.769457398606799181e+00
5.094374595282954665e+00
-9.208494798104130297e+00
-1.005606551440183161e+01
-1.651593743837462114e+01
-1.449845747296023646e+01
-5.211208972878914381e+00
-1.945957666424547128e+01
-2.698490982660296567e+01
1.827971853121399803e+01
-9.504542030185513468e+00
-9.766826073374943462e+00
-8.399085054815897067e+00
-1.025012154774108453e+01
-6.584659358698794485e+00
3.625959178491545476e+00
-4.026245689902168579e+00
-1.411651153452644136e+00
-2.863675074373613683e+00
-2.602200881168887037e+01
-1.017314027162299617e+01
-1.032316470869672287e+01
-2.044311733566138045e+00
-6.940728439717179121e+00
-9.724547812296375326e+00
-1.525215290253071387e+01
-9.463837258115047613e-01
-1.385324737872637790e+01
-1.907020426184844908e+01
-6.292789557212570273e+00
-4.342650467681680865e-02
-1.787647024807699836e+01
-4.919699991174275588e+00
-6.225029571014617069e+00
-6.695896140208317249e+00
-2.696965840194283359e+01
-3.634290391568224976e+01
-1.345959554512951328e+01
-1.125405058524014201e+01
-8.982950757949733855e+00
-3.731212769245915695e+01
-6.751418201756060888e+00
-3.474031347115091961e+01
-9.023300870565087450e+00
-4.228531278638992319e+01
-3.814388725621045140e+00
-1.608696242636497686e+01
-1.367442380535023538e+00
-1.960084948860001219e+01
-1.759614677742871081e+01
-2.006533707011794831e+01
2.757872445861377741e+01
-1.394880399688070938e+01
-2.123781928303929423e+00
3.282755013875656491e+00
-1.397241765889999776e+01
-2.396654785741148075e+01
6.226888697134404183e+00
-1.066710429663263682e+01
-6.682164321671976381e+00
-7.476736204495358251e+00
-8.934297187670662055e+00
6.912701925510897460e+00
-1.056763614397543449e+01
-2.575806369351305136e+01
-1.115006448339112488e+01
-1.255785701935672805e+01
-3.930018921283582767e+00
-2.272555495992806129e+01
-1.100141892124464071e+01
3.002405745874125031e+01
3.059316440595642916e+01
-1.183651687974033884e+01
2.631142041243358376e-01
-1.185373972193849035e+01
-6.576171015841097756e+00
-5.201528974852888787e+00
2.542017872168081727e+00
-1.988896463462856801e+01
6.791310857278232138e-01
-4.383358537937345645e+00
-2.639889422442556466e+01
-1.654628979980508774e+01
4.659844339616210362e-01
-1.934324887965727413e+01
2.156957198228121797e+01
3.269944961954926566e+00
2.967680687539119333e+01
-3.734520235661809551e+01
-1.105663126429363174e+01
-7.288006511938966092e+00
-1.296658054530252890e+01
-5.503327017416685507e+00
3.076073497797479206e+01
-3.653104943701533713e+00
-2.755776242312211011e+01
-8.191316898369226607e+00
-3.560836045954240525e+00
-3.563309251305281755e+00
-7.656631204238490973e+00
-5.329891840138297754e-01
-2.078665868572809217e+01
-1.628702484347095414e+00
-1.800867640124724645e+01
-1.546837781420155711e+00
-4.165911118180694217e+01
-1.560580038517544033e+01
-2.484465732782471292e+01
-6.812666972531919107e+00
-1.482635866601392571e+01
-3.031325255531367446e+00
-8.664573278656801492e+00
-1.334515384931027171e+01
-2.033232588207012270e+01
2.113711660881100851e+00
-1.222486579917153193e+01
2.567328431312020953e+01
-1.043546997893821349e+01
-7.939366899550742929e+00
-1.944991362759349940e+01
-1.062540262857262974e+01
-8.415380319357392835e+00
-2.496335411052940145e+01
-1.677946169204037119e+01
-2.377255075308377386e+01
-9.985254068685438966e+00
1.764250597531467513e+00
-1.113929837111462007e+01
-4.110800196713459087e+01
-7.256025132667000221e+00
-6.989393759852624122e+00
-8.325295692327250308e+00
2.243722097618461930e+01
-1.632565311242071004e+01
6.226888697134404183e+00
-8.961099495359848177e+00
-1.111808037492443901e+01
-1.844603166847927511e+01
2.376126210747682777e+01
-2.122306588080898848e+01
-7.754330438101455947e+00
-2.916280790064780604e+01
-1.737071535443012849e+01
-1.563858423750085969e+01
-1.583575922672029712e+01
-1.153905128294949201e+01
-6.309355382525787093e+00
-1.185556351625308480e+01
-3.394097801244946311e+01
-2.083544004730962129e+01
-1.999486990128691799e+00
-1.065764907193054079e+01
-1.548166692401957789e+01
-9.448558173863162324e+00
2.313684035359110069e+01
-9.997588020007988519e+00
-3.183000212712604338e+01
-1.093260007168753845e+01
-2.133642738127261751e+01
-2.257734135336001424e-01
-9.155282495503362483e+00
-1.326221457012476890e+01
-7.541157062824501267e+00
-1.386699816565453780e+01
-3.442715227706717229e+01
-2.603979616178957102e+01
-1.510232659154124590e+01
-1.938125417935377115e+01
-8.346837087534062505e+00
2.269647173444074184e+01
-6.004588977505048497e+00
8.356461723334584590e+00
-6.677309510972074591e+00
8.636988731009877185e+00
-9.487848446511474521e+00
-1.917930218151769139e+01
-1.068487142685001601e+01
-2.371135597189402233e+01
3.028136667292464335e+00
-1.122859171553806767e+01
3.553552994137357590e+00
-1.030805802531160964e+01
-1.119757378638391110e+01
-1.486085918145751350e+01
-1.712580968803879111e+00
-6.020256191709940197e+00
-2.006820036172214117e+01
-8.083431621371090614e+00
-2.327012975322988098e+01
3.212849145021131392e+00
-1.444280359488056575e+01
-2.595290272784669483e+01
-3.751448593471332416e+00
-2.820569152455758122e+00
-2.404986019440671541e+01
-7.893036264140656399e+00
-5.358952345534742534e+00
-2.594436432486399102e+00
-3.211602828816718613e+01
-2.583593900818656763e+01
3.332769713346494189e+00
-2.447877226881528046e+01
-2.268712734091657524e+01
-1.295113874011064592e-01
1.253511060722108938e+00
-3.474414709864812778e+01
4.769457398606799181e+00
-4.158750079206047445e+00
-2.882618206184683984e+01
-9.340719638097093380e+00
-1.283277497645904930e+01
7.260852393685623518e+00
-3.654004450605683729e+01
9.007612112709967533e+00
1.210305729129298014e+00
-3.104992230961106880e+00
-7.876430884354724604e+00
-1.030257680851292612e+01
-9.410611194024443904e+00
-1.045147734446355781e+00
2.729772069264074119e+00
-1.307316447243949575e+01
-1.466032359880398594e+00
-1.633635767608780931e+00
-2.766558378940316310e+00
-6.538006474891344233e+00
-9.380345180755544021e+00
-1.510578813431165024e+01
7.988941061246788600e+00
-2.023680306080818170e+00
-9.971553231578026200e+00
-3.052938970116883866e+00
1.857400508950281548e+01
-3.372617567850238629e+01
-7.909533995413371876e+00
-1.824873738742002871e+01
-1.887846716795355562e+01
-5.039387016580256784e+00
-4.056804216353659065e+00
-1.693712252205620672e+01
1.697997006091258498e+01
-8.585797956605727421e+00
-2.360229042087723439e+00
-1.967131508756848390e+01
2.297431393176628234e+01
6.226888697134404183e+00
5.102381570168027736e+00
1.304733253382913105e+01
-1.731795730142247436e+01
1.827742432596629607e+00
-1.313461991461225686e+01
-7.050650527905037102e+00
-2.083766617304316426e+01
-1.635380110464281955e+01
-3.167335601062226402e+01
-1.418560838747961483e+01
-2.741230034001581828e+01
-2.221606081121143816e+01
