-8.606335116252427753e+00
1.232876412054347837e-01
-1.798388384963608075e+02
-4.721196311986039618e+00
-2.692917985791160262e+01
-1.038827055207255370e+02
-5.054358152772053359e+00
-1.705055740680604259e+01
1.762931494210249639e+02
-1.658003654109000857e+00
2.202137808033667543e+00
1.794822974040311578e+02
-5.373838568737799193e+00
3.303559075481642182e+00
-1.796367612186932661e+02
1.268520992313874807e+01
4.127496827975510207e+00
-1.776797127020864764e+02
1.366243438278740463e+01
1.848046795045875879e+00
1.660559033233546700e+02
1.845322730950065937e+00
8.628739497013945936e+00
1.768352554627773827e+02
-4.841067777703683461e+00
1.373469671302711248e+00
-1.798077033272406879e+02
2.038705354880061549e+01
6.183319694070842365e-01
-1.787939611937177062e+02
-1.404638714900068974e+00
3.367724458154788270e+00
-1.796016869740896311e+02
-1.532105106726352028e+00
1.150856270316679364e+00
-1.776404176492321767e+02
-1.806044175079573222e+01
-2.393658207181089281e+01
1.795101074386342930e+02
