-1.202423453330993652e+00
-2.310096740722656250e+00
-7.665277719497680664e-01
-2.833603024482727051e-01
7.600895881652832031e+00
-2.275829553604125977e+00
-2.733722329139709473e-01
-1.202423453330993652e+00
-2.310096740722656250e+00
-7.665277719497680664e-01
-2.833603024482727051e-01
7.600895881652832031e+00
-2.275829553604125977e+00
-2.733722329139709473e-01
-1.202423453330993652e+00
-2.310096740722656250e+00
-7.665277719497680664e-01
-2.833603024482727051e-01
7.600895881652832031e+00
-2.275829553604125977e+00
-2.733722329139709473e-01
-1.202423453330993652e+00
-2.310096740722656250e+00
-7.665277719497680664e-01
-2.833603024482727051e-01
7.600895881652832031e+00
-2.275829553604125977e+00
-2.733722329139709473e-01
-1.202423453330993652e+00
-2.310096740722656250e+00
-7.665277719497680664e-01
-2.833603024482727051e-01
7.600895881652832031e+00
-2.275829553604125977e+00
-2.733722329139709473e-01
