4.000000000000000000e+00
3.000000000000000000e+00
1.400000000000000000e+01
1.500000000000000000e+01
6.000000000000000000e+00
0.000000000000000000e+00
0.000000000000000000e+00
3.000000000000000000e+00
3.000000000000000000e+00
7.000000000000000000e+00
7.000000000000000000e+00
0.000000000000000000e+00
7.615773105863908654e+00
6.000000000000000000e+00
2.000000000000000000e+01
2.100000000000000000e+01
8.944271909999159220e+00
3.000000000000000000e+00
3.000000000000000000e+00
1.400000000000000000e+01
7.000000000000000000e+00
2.400000000000000000e+01
8.000000000000000000e+00
3.000000000000000000e+00
4.000000000000000000e+00
3.000000000000000000e+00
4.002499219237900263e+01
0.000000000000000000e+00
1.300000000000000000e+01
7.000000000000000000e+00
3.000000000000000000e+00
7.000000000000000000e+00
3.847076812334268681e+01
1.000000000000000000e+01
5.656854249492380582e+00
1.000000000000000000e+01
7.000000000000000000e+00
3.000000000000000000e+00
7.000000000000000000e+00
6.000000000000000000e+00
8.000000000000000000e+00
2.000000000000000000e+01
7.000000000000000000e+00
2.816025568065744622e+01
3.100000000000000000e+01
1.000000000000000000e+01
3.000000000000000000e+00
1.077032961426900748e+01
3.000000000000000000e+00
9.000000000000000000e+00
4.000000000000000000e+00
4.000000000000000000e+00
7.000000000000000000e+00
7.000000000000000000e+00
1.000000000000000000e+01
6.000000000000000000e+00
3.014962686336266984e+01
6.000000000000000000e+00
6.000000000000000000e+00
3.026549190084311292e+01
6.000000000000000000e+00
2.617250465660480074e+01
8.000000000000000000e+00
1.900000000000000000e+01
7.000000000000000000e+00
6.000000000000000000e+00
5.656854249492380582e+00
7.000000000000000000e+00
4.242640687119284770e+00
6.000000000000000000e+00
7.000000000000000000e+00
4.000000000000000000e+00
0.000000000000000000e+00
4.000000000000000000e+00
2.121320343559642652e+01
7.000000000000000000e+00
4.159326868617084472e+01
0.000000000000000000e+00
4.000000000000000000e+00
3.000000000000000000e+00
6.000000000000000000e+00
6.000000000000000000e+00
3.000000000000000000e+00
6.000000000000000000e+00
3.000000000000000000e+00
4.000000000000000000e+00
3.000000000000000000e+00
0.000000000000000000e+00
3.000000000000000000e+00
3.000000000000000000e+00
1.800000000000000000e+01
1.000000000000000000e+01
4.026164427839479032e+01
3.000000000000000000e+00
3.000000000000000000e+00
3.471310991541956525e+01
0.000000000000000000e+00
6.000000000000000000e+00
2.600000000000000000e+01
1.000000000000000000e+01
6.000000000000000000e+00
7.000000000000000000e+00
7.615773105863908654e+00
0.000000000000000000e+00
3.000000000000000000e+00
2.828427124746190202e+01
1.000000000000000000e+01
2.418677324489564739e+01
3.000000000000000000e+00
7.000000000000000000e+00
7.000000000000000000e+00
2.200000000000000000e+01
6.000000000000000000e+00
1.700000000000000000e+01
1.000000000000000000e+01
7.000000000000000000e+00
5.000000000000000000e+00
1.000000000000000000e+01
3.000000000000000000e+00
5.000000000000000000e+00
3.000000000000000000e+00
0.000000000000000000e+00
2.716615541441224835e+01
1.600000000000000000e+01
3.748332962798262713e+01
4.159326868617084472e+01
1.044030650891055068e+01
9.000000000000000000e+00
7.000000000000000000e+00
3.000000000000000000e+00
8.000000000000000000e+00
2.000000000000000000e+01
2.022374841615668473e+01
3.000000000000000000e+00
6.000000000000000000e+00
2.900000000000000000e+01
7.000000000000000000e+00
0.000000000000000000e+00
4.000000000000000000e+00
9.486832980505138124e+00
7.000000000000000000e+00
2.121320343559642652e+01
1.100000000000000000e+01
4.000000000000000000e+00
7.000000000000000000e+00
6.000000000000000000e+00
3.000000000000000000e+00
7.000000000000000000e+00
2.729468812791236232e+01
1.100000000000000000e+01
3.000000000000000000e+00
3.721558813185679071e+01
2.300000000000000000e+01
3.000000000000000000e+00
3.000000000000000000e+00
6.000000000000000000e+00
6.000000000000000000e+00
3.000000000000000000e+00
3.000000000000000000e+01
3.224903099319419653e+01
3.000000000000000000e+00
3.000000000000000000e+00
7.000000000000000000e+00
6.000000000000000000e+00
0.000000000000000000e+00
3.000000000000000000e+00
3.000000000000000000e+00
4.000000000000000000e+00
0.000000000000000000e+00
3.000000000000000000e+00
7.000000000000000000e+00
3.000000000000000000e+00
2.100000000000000000e+01
6.000000000000000000e+00
3.000000000000000000e+00
7.000000000000000000e+00
3.000000000000000000e+00
7.000000000000000000e+00
3.000000000000000000e+00
2.334523505985750447e+01
0.000000000000000000e+00
4.000000000000000000e+00
0.000000000000000000e+00
7.000000000000000000e+00
1.900000000000000000e+01
6.000000000000000000e+00
6.000000000000000000e+00
6.000000000000000000e+00
7.000000000000000000e+00
3.000000000000000000e+00
4.554119014694280310e+01
3.452535300326413648e+01
6.000000000000000000e+00
1.900000000000000000e+01
3.000000000000000000e+00
0.000000000000000000e+00
4.000000000000000000e+00
7.000000000000000000e+00
7.000000000000000000e+00
6.000000000000000000e+00
7.000000000000000000e+00
7.000000000000000000e+00
6.000000000000000000e+00
9.000000000000000000e+00
3.000000000000000000e+00
4.000000000000000000e+00
3.832753579347360073e+01
1.360147050873544394e+01
1.100000000000000000e+01
5.000000000000000000e+00
3.000000000000000000e+00
3.214031735997639316e+01
0.000000000000000000e+00
7.000000000000000000e+00
7.000000000000000000e+00
6.000000000000000000e+00
1.000000000000000000e+01
4.000000000000000000e+00
3.000000000000000000e+00
3.000000000000000000e+00
2.300000000000000000e+01
1.726267650163206824e+01
2.137755832643194864e+01
1.044030650891055068e+01
4.000000000000000000e+00
1.000000000000000000e+01
3.000000000000000000e+00
5.000000000000000000e+00
3.000000000000000000e+00
3.000000000000000000e+00
1.000000000000000000e+01
4.060788100849390503e+01
4.000000000000000000e+00
0.000000000000000000e+00
4.000000000000000000e+00
3.000000000000000000e+01
1.100000000000000000e+01
6.708203932499369415e+00
2.334523505985750447e+01
1.170469991071962568e+01
4.000000000000000000e+00
5.656854249492380582e+00
3.000000000000000000e+00
7.000000000000000000e+00
6.000000000000000000e+00
4.000000000000000000e+00
3.000000000000000000e+00
7.000000000000000000e+00
3.000000000000000000e+00
7.000000000000000000e+00
0.000000000000000000e+00
4.000000000000000000e+00
4.000000000000000000e+00
7.000000000000000000e+00
6.000000000000000000e+00
9.848857801796103928e+00
1.400000000000000000e+01
3.000000000000000000e+00
3.000000000000000000e+00
7.000000000000000000e+00
4.924428900898052319e+01
9.848857801796103928e+00
1.300000000000000000e+01
3.000000000000000000e+00
0.000000000000000000e+00
3.000000000000000000e+00
3.000000000000000000e+00
1.649242250247064234e+01
7.000000000000000000e+00
3.000000000000000000e+00
6.000000000000000000e+00
2.022374841615668473e+01
0.000000000000000000e+00
7.615773105863908654e+00
3.000000000000000000e+00
2.600000000000000000e+01
7.000000000000000000e+00
4.707440918375927907e+01
1.100000000000000000e+01
6.708203932499369415e+00
1.044030650891055068e+01
7.000000000000000000e+00
7.000000000000000000e+00
1.400000000000000000e+01
7.000000000000000000e+00
2.600000000000000000e+01
1.100000000000000000e+01
2.630589287593181069e+01
3.000000000000000000e+00
2.729468812791236232e+01
7.000000000000000000e+00
4.000000000000000000e+00
7.000000000000000000e+00
4.000000000000000000e+00
3.000000000000000000e+00
4.609772228646443892e+01
3.000000000000000000e+00
8.062257748298549132e+00
1.300000000000000000e+01
4.707440918375927907e+01
1.000000000000000000e+01
0.000000000000000000e+00
2.000000000000000000e+01
5.656854249492380582e+00
7.000000000000000000e+00
3.000000000000000000e+00
1.600000000000000000e+01
3.000000000000000000e+00
4.000000000000000000e+00
6.000000000000000000e+00
6.000000000000000000e+00
3.569313659514949677e+01
3.000000000000000000e+00
4.000000000000000000e+00
1.400000000000000000e+01
1.600000000000000000e+01
3.000000000000000000e+00
7.000000000000000000e+00
6.000000000000000000e+00
6.000000000000000000e+00
0.000000000000000000e+00
4.000000000000000000e+00
3.000000000000000000e+00
0.000000000000000000e+00
3.000000000000000000e+00
7.000000000000000000e+00
3.000000000000000000e+00
7.000000000000000000e+00
2.828427124746190202e+01
6.000000000000000000e+00
6.000000000000000000e+00
3.000000000000000000e+00
4.242640687119284770e+00
6.708203932499369415e+00
6.000000000000000000e+00
6.000000000000000000e+00
7.000000000000000000e+00
7.000000000000000000e+00
0.000000000000000000e+00
4.000000000000000000e+00
0.000000000000000000e+00
1.726267650163206824e+01
3.000000000000000000e+00
5.000000000000000000e+00
1.600000000000000000e+01
4.414748010928823163e+01
2.039607805437113797e+01
0.000000000000000000e+00
5.656854249492380582e+00
6.000000000000000000e+00
6.000000000000000000e+00
2.716615541441224835e+01
0.000000000000000000e+00
3.000000000000000000e+00
2.200000000000000000e+01
4.000000000000000000e+00
3.000000000000000000e+00
0.000000000000000000e+00
7.000000000000000000e+00
3.000000000000000000e+00
3.000000000000000000e+00
6.000000000000000000e+00
1.600000000000000000e+01
7.000000000000000000e+00
6.000000000000000000e+00
3.000000000000000000e+00
6.000000000000000000e+00
1.000000000000000000e+01
2.789265136196270589e+01
2.418677324489564739e+01
3.000000000000000000e+00
1.300000000000000000e+01
1.077032961426900748e+01
0.000000000000000000e+00
3.000000000000000000e+00
2.716615541441224835e+01
6.000000000000000000e+00
1.300000000000000000e+01
6.000000000000000000e+00
7.000000000000000000e+00
3.000000000000000000e+00
9.000000000000000000e+00
3.000000000000000000e+00
4.000000000000000000e+00
1.900000000000000000e+01
4.000000000000000000e+00
7.000000000000000000e+00
1.900000000000000000e+01
2.729468812791236232e+01
6.000000000000000000e+00
1.600000000000000000e+01
1.000000000000000000e+01
6.000000000000000000e+00
4.000000000000000000e+00
6.000000000000000000e+00
7.000000000000000000e+00
3.000000000000000000e+00
0.000000000000000000e+00
3.000000000000000000e+00
2.319482700948640286e+01
0.000000000000000000e+00
6.000000000000000000e+00
0.000000000000000000e+00
8.062257748298549132e+00
4.414748010928823163e+01
3.000000000000000000e+00
3.000000000000000000e+00
1.900000000000000000e+01
3.000000000000000000e+00
1.600000000000000000e+01
0.000000000000000000e+00
4.000000000000000000e+00
2.000000000000000000e+00
4.000000000000000000e+00
6.000000000000000000e+00
6.000000000000000000e+00
3.000000000000000000e+00
3.000000000000000000e+00
4.414748010928823163e+01
1.000000000000000000e+01
1.600000000000000000e+01
3.000000000000000000e+00
3.000000000000000000e+00
4.414748010928823163e+01
3.000000000000000000e+00
1.000000000000000000e+01
7.000000000000000000e+00
6.000000000000000000e+00
6.000000000000000000e+00
3.000000000000000000e+00
4.000000000000000000e+00
3.000000000000000000e+00
2.121320343559642652e+01
1.700000000000000000e+01
6.000000000000000000e+00
1.400000000000000000e+01
0.000000000000000000e+00
2.716615541441224835e+01
2.137755832643194864e+01
0.000000000000000000e+00
6.000000000000000000e+00
3.000000000000000000e+00
3.000000000000000000e+00
3.000000000000000000e+00
0.000000000000000000e+00
3.000000000000000000e+00
0.000000000000000000e+00
7.615773105863908654e+00
7.000000000000000000e+00
0.000000000000000000e+00
5.000000000000000000e+00
2.600000000000000000e+01
1.000000000000000000e+01
6.000000000000000000e+00
6.000000000000000000e+00
4.242640687119284770e+00
4.000000000000000000e+00
7.000000000000000000e+00
3.000000000000000000e+00
3.000000000000000000e+00
3.000000000000000000e+00
2.600000000000000000e+01
6.000000000000000000e+00
4.242640687119284770e+00
3.945883931389771959e+01
2.000000000000000000e+01
4.000000000000000000e+00
4.242640687119284770e+00
3.000000000000000000e+00
5.000000000000000000e+00
3.000000000000000000e+00
7.000000000000000000e+00
0.000000000000000000e+00
3.000000000000000000e+00
6.000000000000000000e+00
7.000000000000000000e+00
3.765634076752546378e+01
3.000000000000000000e+00
4.000000000000000000e+00
7.000000000000000000e+00
1.000000000000000000e+01
0.000000000000000000e+00
6.000000000000000000e+00
5.000000000000000000e+00
6.000000000000000000e+00
2.022374841615668473e+01
6.000000000000000000e+00
4.000000000000000000e+00
3.000000000000000000e+00
3.000000000000000000e+00
2.729468812791236232e+01
1.000000000000000000e+01
6.000000000000000000e+00
3.000000000000000000e+00
6.708203932499369415e+00
2.100000000000000000e+01
4.000000000000000000e+00
3.000000000000000000e+00
7.000000000000000000e+00
3.000000000000000000e+00
6.000000000000000000e+00
6.708203932499369415e+00
3.125699921617556853e+01
1.726267650163206824e+01
6.708203932499369415e+00
3.000000000000000000e+00
3.000000000000000000e+00
3.765634076752546378e+01
0.000000000000000000e+00
7.000000000000000000e+00
6.000000000000000000e+00
6.000000000000000000e+00
7.000000000000000000e+00
2.000000000000000000e+01
1.900000000000000000e+01
4.000000000000000000e+00
2.000000000000000000e+01
6.000000000000000000e+00
3.000000000000000000e+00
6.000000000000000000e+00
3.000000000000000000e+00
3.000000000000000000e+00
3.000000000000000000e+00
2.600000000000000000e+01
3.000000000000000000e+00
4.000000000000000000e+00
3.000000000000000000e+00
1.500000000000000000e+01
3.000000000000000000e+00
5.000000000000000000e+00
7.000000000000000000e+00
5.000000000000000000e+00
2.000000000000000000e+01
6.000000000000000000e+00
6.000000000000000000e+00
8.062257748298549132e+00
3.000000000000000000e+00
4.000000000000000000e+00
7.000000000000000000e+00
2.000000000000000000e+01
7.000000000000000000e+00
8.000000000000000000e+00
3.000000000000000000e+00
6.708203932499369415e+00
3.000000000000000000e+00
6.000000000000000000e+00
7.000000000000000000e+00
6.000000000000000000e+00
4.000000000000000000e+00
1.900000000000000000e+01
4.000000000000000000e+00
3.125699921617556853e+01
2.400000000000000000e+01
3.000000000000000000e+00
1.000000000000000000e+01
0.000000000000000000e+00
2.418677324489564739e+01
7.000000000000000000e+00
6.000000000000000000e+00
0.000000000000000000e+00
1.500000000000000000e+01
7.000000000000000000e+00
1.100000000000000000e+01
7.000000000000000000e+00
6.000000000000000000e+00
6.000000000000000000e+00
3.000000000000000000e+00
4.000000000000000000e+00
3.000000000000000000e+00
7.000000000000000000e+00
0.000000000000000000e+00
3.000000000000000000e+00
7.000000000000000000e+00
4.000000000000000000e+00
3.000000000000000000e+00
6.000000000000000000e+00
6.000000000000000000e+00
6.000000000000000000e+00
3.000000000000000000e+00
2.600000000000000000e+01
3.000000000000000000e+00
7.000000000000000000e+00
3.000000000000000000e+00
7.000000000000000000e+00
1.334166406412633421e+01
2.617250465660480074e+01
7.000000000000000000e+00
7.000000000000000000e+00
6.000000000000000000e+00
3.000000000000000000e+00
7.000000000000000000e+00
4.060788100849390503e+01
0.000000000000000000e+00
4.242640687119284770e+00
7.000000000000000000e+00
7.000000000000000000e+00
2.700000000000000000e+01
7.000000000000000000e+00
7.000000000000000000e+00
7.000000000000000000e+00
0.000000000000000000e+00
2.400000000000000000e+01
4.000000000000000000e+00
2.828427124746190202e+01
4.317406628984580408e+01
0.000000000000000000e+00
4.000000000000000000e+00
0.000000000000000000e+00
6.000000000000000000e+00
6.000000000000000000e+00
3.000000000000000000e+00
4.000000000000000000e+00
9.000000000000000000e+00
7.615773105863908654e+00
6.000000000000000000e+00
3.000000000000000000e+00
3.748332962798262713e+01
1.726267650163206824e+01
0.000000000000000000e+00
1.600000000000000000e+01
4.393176527297759293e+01
5.000000000000000000e+00
9.486832980505138124e+00
2.816025568065744622e+01
2.716615541441224835e+01
1.600000000000000000e+01
4.000000000000000000e+00
6.000000000000000000e+00
3.114482300479487265e+01
4.002499219237900263e+01
4.242640687119284770e+00
2.729468812791236232e+01
2.716615541441224835e+01
7.000000000000000000e+00
7.000000000000000000e+00
1.400000000000000000e+01
0.000000000000000000e+00
3.000000000000000000e+00
6.000000000000000000e+00
3.413209633175202384e+01
3.000000000000000000e+00
4.000000000000000000e+00
0.000000000000000000e+00
6.000000000000000000e+00
1.700000000000000000e+01
7.000000000000000000e+00
2.716615541441224835e+01
2.022374841615668473e+01
6.000000000000000000e+00
2.022374841615668473e+01
7.000000000000000000e+00
4.000000000000000000e+00
3.000000000000000000e+00
1.000000000000000000e+01
4.949747468305832854e+01
7.000000000000000000e+00
4.000000000000000000e+00
6.000000000000000000e+00
3.000000000000000000e+00
6.000000000000000000e+00
9.000000000000000000e+00
2.200000000000000000e+01
0.000000000000000000e+00
7.000000000000000000e+00
5.000000000000000000e+00
3.000000000000000000e+00
1.000000000000000000e+01
4.000000000000000000e+00
8.000000000000000000e+00
2.600000000000000000e+01
5.000000000000000000e+00
6.000000000000000000e+00
7.000000000000000000e+00
0.000000000000000000e+00
0.000000000000000000e+00
3.000000000000000000e+00
3.000000000000000000e+00
3.000000000000000000e+00
3.000000000000000000e+00
4.000000000000000000e+00
2.000000000000000000e+01
3.000000000000000000e+00
6.000000000000000000e+00
3.000000000000000000e+00
0.000000000000000000e+00
1.000000000000000000e+01
7.000000000000000000e+00
3.000000000000000000e+00
6.000000000000000000e+00
7.615773105863908654e+00
3.000000000000000000e+00
6.708203932499369415e+00
4.000000000000000000e+00
3.100000000000000000e+01
3.000000000000000000e+00
3.000000000000000000e+00
6.000000000000000000e+00
6.000000000000000000e+00
6.000000000000000000e+00
3.000000000000000000e+00
1.100000000000000000e+01
4.000000000000000000e+00
3.000000000000000000e+00
8.000000000000000000e+00
0.000000000000000000e+00
1.000000000000000000e+01
2.000000000000000000e+01
0.000000000000000000e+00
2.716615541441224835e+01
4.414748010928823163e+01
4.000000000000000000e+00
3.962322551231790158e+01
1.000000000000000000e+01
7.000000000000000000e+00
3.000000000000000000e+00
3.667424164178449786e+01
3.000000000000000000e+00
0.000000000000000000e+00
4.000000000000000000e+00
7.615773105863908654e+00
3.100000000000000000e+01
3.000000000000000000e+00
1.700000000000000000e+01
4.060788100849390503e+01
3.000000000000000000e+00
2.000000000000000000e+01
8.062257748298549132e+00
7.000000000000000000e+00
4.000000000000000000e+00
1.300000000000000000e+01
4.000000000000000000e+00
0.000000000000000000e+00
2.729468812791236232e+01
0.000000000000000000e+00
4.000000000000000000e+00
4.805205510693585325e+01
6.000000000000000000e+00
9.000000000000000000e+00
0.000000000000000000e+00
3.000000000000000000e+00
7.000000000000000000e+00
3.569313659514949677e+01
7.000000000000000000e+00
3.000000000000000000e+00
3.000000000000000000e+00
0.000000000000000000e+00
4.000000000000000000e+00
3.000000000000000000e+00
3.000000000000000000e+00
7.000000000000000000e+00
3.000000000000000000e+00
7.000000000000000000e+00
3.000000000000000000e+00
6.000000000000000000e+00
6.000000000000000000e+00
1.000000000000000000e+01
6.000000000000000000e+00
2.039607805437113797e+01
1.100000000000000000e+01
6.708203932499369415e+00
0.000000000000000000e+00
6.000000000000000000e+00
1.000000000000000000e+01
3.000000000000000000e+00
0.000000000000000000e+00
3.000000000000000000e+00
1.600000000000000000e+01
7.211102550927978250e+00
4.751841748206688720e+01
1.900000000000000000e+01
2.600000000000000000e+01
1.300000000000000000e+01
2.418677324489564739e+01
7.000000000000000000e+00
6.000000000000000000e+00
7.000000000000000000e+00
0.000000000000000000e+00
6.000000000000000000e+00
6.000000000000000000e+00
2.200000000000000000e+01
1.000000000000000000e+01
7.000000000000000000e+00
2.800000000000000000e+01
6.708203932499369415e+00
4.000000000000000000e+00
3.000000000000000000e+00
1.300000000000000000e+01
0.000000000000000000e+00
6.000000000000000000e+00
1.000000000000000000e+01
7.000000000000000000e+00
3.000000000000000000e+00
3.000000000000000000e+00
7.000000000000000000e+00
4.632493928760187885e+01
3.000000000000000000e+00
0.000000000000000000e+00
3.500000000000000000e+01
8.062257748298549132e+00
0.000000000000000000e+00
4.000000000000000000e+00
1.140175425099137918e+01
7.000000000000000000e+00
0.000000000000000000e+00
8.062257748298549132e+00
3.000000000000000000e+00
3.000000000000000000e+00
6.000000000000000000e+00
1.700000000000000000e+01
3.000000000000000000e+00
6.000000000000000000e+00
2.022374841615668473e+01
7.615773105863908654e+00
3.200000000000000000e+01
1.100000000000000000e+01
7.000000000000000000e+00
4.341658669218482203e+01
2.729468812791236232e+01
4.000000000000000000e+00
2.100000000000000000e+01
0.000000000000000000e+00
7.615773105863908654e+00
5.000000000000000000e+00
7.000000000000000000e+00
0.000000000000000000e+00
4.000000000000000000e+00
4.000000000000000000e+00
4.000000000000000000e+00
3.000000000000000000e+00
3.000000000000000000e+00
7.000000000000000000e+00
0.000000000000000000e+00
0.000000000000000000e+00
0.000000000000000000e+00
0.000000000000000000e+00
4.000000000000000000e+00
6.000000000000000000e+00
4.000000000000000000e+00
3.000000000000000000e+00
6.000000000000000000e+00
3.000000000000000000e+00
7.000000000000000000e+00
6.000000000000000000e+00
0.000000000000000000e+00
0.000000000000000000e+00
6.000000000000000000e+00
3.000000000000000000e+00
6.000000000000000000e+00
4.000000000000000000e+00
7.000000000000000000e+00
0.000000000000000000e+00
6.000000000000000000e+00
6.000000000000000000e+00
0.000000000000000000e+00
0.000000000000000000e+00
3.000000000000000000e+00
4.000000000000000000e+00
6.000000000000000000e+00
4.242640687119284770e+00
4.000000000000000000e+00
3.000000000000000000e+00
3.000000000000000000e+00
0.000000000000000000e+00
3.000000000000000000e+00
3.000000000000000000e+00
3.000000000000000000e+00
7.000000000000000000e+00
0.000000000000000000e+00
0.000000000000000000e+00
0.000000000000000000e+00
7.000000000000000000e+00
0.000000000000000000e+00
4.242640687119284770e+00
3.000000000000000000e+00
5.000000000000000000e+00
3.000000000000000000e+00
3.000000000000000000e+00
3.000000000000000000e+00
0.000000000000000000e+00
7.000000000000000000e+00
0.000000000000000000e+00
7.000000000000000000e+00
7.615773105863908654e+00
3.000000000000000000e+00
7.615773105863908654e+00
0.000000000000000000e+00
4.000000000000000000e+00
1.200000000000000000e+01
0.000000000000000000e+00
3.000000000000000000e+00
0.000000000000000000e+00
0.000000000000000000e+00
6.000000000000000000e+00
3.000000000000000000e+00
0.000000000000000000e+00
3.000000000000000000e+00
4.000000000000000000e+00
6.708203932499369415e+00
6.708203932499369415e+00
4.000000000000000000e+00
3.000000000000000000e+00
6.708203932499369415e+00
3.000000000000000000e+00
0.000000000000000000e+00
4.000000000000000000e+00
0.000000000000000000e+00
3.000000000000000000e+00
6.000000000000000000e+00
3.000000000000000000e+00
0.000000000000000000e+00
4.000000000000000000e+00
6.000000000000000000e+00
5.000000000000000000e+00
3.000000000000000000e+00
7.000000000000000000e+00
6.000000000000000000e+00
0.000000000000000000e+00
3.000000000000000000e+00
5.000000000000000000e+00
0.000000000000000000e+00
0.000000000000000000e+00
3.000000000000000000e+00
0.000000000000000000e+00
6.000000000000000000e+00
3.000000000000000000e+00
7.000000000000000000e+00
7.000000000000000000e+00
4.000000000000000000e+00
6.000000000000000000e+00
6.000000000000000000e+00
4.000000000000000000e+00
5.000000000000000000e+00
0.000000000000000000e+00
3.000000000000000000e+00
0.000000000000000000e+00
3.000000000000000000e+00
7.000000000000000000e+00
4.000000000000000000e+00
9.000000000000000000e+00
3.000000000000000000e+00
4.000000000000000000e+00
5.000000000000000000e+00
4.000000000000000000e+00
3.000000000000000000e+00
6.708203932499369415e+00
6.000000000000000000e+00
6.000000000000000000e+00
3.000000000000000000e+00
3.000000000000000000e+00
3.000000000000000000e+00
0.000000000000000000e+00
0.000000000000000000e+00
7.000000000000000000e+00
3.000000000000000000e+00
3.000000000000000000e+00
0.000000000000000000e+00
7.000000000000000000e+00
4.000000000000000000e+00
3.000000000000000000e+00
0.000000000000000000e+00
4.000000000000000000e+00
4.000000000000000000e+00
0.000000000000000000e+00
4.000000000000000000e+00
4.000000000000000000e+00
4.000000000000000000e+00
3.000000000000000000e+00
4.000000000000000000e+00
0.000000000000000000e+00
3.000000000000000000e+00
3.000000000000000000e+00
3.000000000000000000e+00
3.000000000000000000e+00
3.000000000000000000e+00
0.000000000000000000e+00
3.000000000000000000e+00
6.708203932499369415e+00
0.000000000000000000e+00
0.000000000000000000e+00
7.000000000000000000e+00
0.000000000000000000e+00
6.000000000000000000e+00
3.000000000000000000e+00
1.000000000000000000e+01
0.000000000000000000e+00
0.000000000000000000e+00
4.242640687119284770e+00
3.000000000000000000e+00
5.000000000000000000e+00
6.000000000000000000e+00
4.000000000000000000e+00
6.000000000000000000e+00
6.000000000000000000e+00
4.000000000000000000e+00
7.000000000000000000e+00
0.000000000000000000e+00
0.000000000000000000e+00
3.000000000000000000e+00
0.000000000000000000e+00
6.000000000000000000e+00
3.000000000000000000e+00
3.000000000000000000e+00
3.000000000000000000e+00
3.000000000000000000e+00
0.000000000000000000e+00
3.000000000000000000e+00
3.000000000000000000e+00
7.000000000000000000e+00
6.000000000000000000e+00
3.000000000000000000e+00
4.000000000000000000e+00
3.000000000000000000e+00
0.000000000000000000e+00
4.000000000000000000e+00
6.000000000000000000e+00
3.000000000000000000e+00
0.000000000000000000e+00
5.000000000000000000e+00
3.000000000000000000e+00
4.000000000000000000e+00
0.000000000000000000e+00
3.000000000000000000e+00
4.000000000000000000e+00
4.000000000000000000e+00
7.000000000000000000e+00
3.000000000000000000e+00
7.000000000000000000e+00
5.000000000000000000e+00
4.000000000000000000e+00
3.000000000000000000e+00
4.000000000000000000e+00
4.000000000000000000e+00
7.000000000000000000e+00
3.000000000000000000e+00
0.000000000000000000e+00
3.000000000000000000e+00
8.944271909999159220e+00
3.000000000000000000e+00
0.000000000000000000e+00
0.000000000000000000e+00
6.708203932499369415e+00
4.242640687119284770e+00
3.000000000000000000e+00
2.828427124746190291e+00
7.000000000000000000e+00
0.000000000000000000e+00
6.708203932499369415e+00
0.000000000000000000e+00
3.000000000000000000e+00
3.000000000000000000e+00
6.000000000000000000e+00
6.000000000000000000e+00
4.000000000000000000e+00
7.000000000000000000e+00
3.000000000000000000e+00
6.000000000000000000e+00
3.000000000000000000e+00
4.000000000000000000e+00
7.615773105863908654e+00
0.000000000000000000e+00
7.000000000000000000e+00
4.000000000000000000e+00
7.000000000000000000e+00
5.656854249492380582e+00
0.000000000000000000e+00
3.000000000000000000e+00
7.000000000000000000e+00
0.000000000000000000e+00
0.000000000000000000e+00
7.000000000000000000e+00
0.000000000000000000e+00
7.000000000000000000e+00
3.000000000000000000e+00
0.000000000000000000e+00
3.000000000000000000e+00
4.000000000000000000e+00
0.000000000000000000e+00
0.000000000000000000e+00
0.000000000000000000e+00
3.000000000000000000e+00
0.000000000000000000e+00
4.000000000000000000e+00
3.000000000000000000e+00
0.000000000000000000e+00
7.000000000000000000e+00
4.000000000000000000e+00
3.000000000000000000e+00
0.000000000000000000e+00
4.000000000000000000e+00
3.000000000000000000e+00
4.242640687119284770e+00
3.000000000000000000e+00
3.000000000000000000e+00
0.000000000000000000e+00
0.000000000000000000e+00
7.000000000000000000e+00
4.000000000000000000e+00
0.000000000000000000e+00
8.062257748298549132e+00
4.000000000000000000e+00
3.000000000000000000e+00
7.615773105863908654e+00
0.000000000000000000e+00
0.000000000000000000e+00
3.000000000000000000e+00
4.000000000000000000e+00
3.000000000000000000e+00
7.000000000000000000e+00
6.000000000000000000e+00
7.000000000000000000e+00
7.000000000000000000e+00
3.000000000000000000e+00
3.000000000000000000e+00
6.000000000000000000e+00
7.000000000000000000e+00
7.000000000000000000e+00
6.000000000000000000e+00
6.000000000000000000e+00
5.000000000000000000e+00
4.000000000000000000e+00
7.000000000000000000e+00
3.000000000000000000e+00
0.000000000000000000e+00
7.000000000000000000e+00
3.000000000000000000e+00
7.000000000000000000e+00
3.000000000000000000e+00
3.000000000000000000e+00
8.062257748298549132e+00
0.000000000000000000e+00
0.000000000000000000e+00
3.000000000000000000e+00
5.000000000000000000e+00
0.000000000000000000e+00
3.000000000000000000e+00
1.170469991071962568e+01
4.242640687119284770e+00
0.000000000000000000e+00
1.100000000000000000e+01
0.000000000000000000e+00
9.000000000000000000e+00
3.000000000000000000e+00
3.000000000000000000e+00
3.000000000000000000e+00
2.863564212655270680e+01
0.000000000000000000e+00
0.000000000000000000e+00
4.000000000000000000e+00
5.000000000000000000e+00
3.000000000000000000e+00
3.000000000000000000e+00
7.000000000000000000e+00
4.000000000000000000e+00
5.656854249492380582e+00
7.000000000000000000e+00
4.000000000000000000e+00
3.000000000000000000e+00
4.000000000000000000e+00
3.000000000000000000e+00
0.000000000000000000e+00
6.000000000000000000e+00
4.000000000000000000e+00
3.000000000000000000e+00
4.000000000000000000e+00
0.000000000000000000e+00
3.000000000000000000e+00
4.000000000000000000e+00
7.000000000000000000e+00
3.000000000000000000e+00
9.000000000000000000e+00
1.400000000000000000e+01
4.000000000000000000e+00
3.000000000000000000e+00
3.000000000000000000e+00
3.000000000000000000e+00
3.000000000000000000e+00
0.000000000000000000e+00
6.000000000000000000e+00
6.000000000000000000e+00
6.000000000000000000e+00
7.000000000000000000e+00
7.000000000000000000e+00
0.000000000000000000e+00
3.000000000000000000e+00
0.000000000000000000e+00
0.000000000000000000e+00
7.000000000000000000e+00
0.000000000000000000e+00
6.000000000000000000e+00
0.000000000000000000e+00
6.708203932499369415e+00
4.000000000000000000e+00
7.000000000000000000e+00
7.000000000000000000e+00
7.000000000000000000e+00
5.000000000000000000e+00
4.000000000000000000e+00
7.000000000000000000e+00
5.000000000000000000e+00
6.000000000000000000e+00
4.000000000000000000e+00
8.000000000000000000e+00
3.000000000000000000e+00
0.000000000000000000e+00
4.000000000000000000e+00
0.000000000000000000e+00
0.000000000000000000e+00
3.000000000000000000e+00
6.000000000000000000e+00
7.615773105863908654e+00
6.000000000000000000e+00
4.000000000000000000e+00
7.000000000000000000e+00
3.000000000000000000e+00
5.000000000000000000e+00
3.000000000000000000e+00
0.000000000000000000e+00
0.000000000000000000e+00
1.000000000000000000e+01
6.000000000000000000e+00
3.000000000000000000e+00
4.000000000000000000e+00
3.000000000000000000e+00
9.000000000000000000e+00
4.242640687119284770e+00
7.000000000000000000e+00
6.000000000000000000e+00
4.242640687119284770e+00
6.000000000000000000e+00
0.000000000000000000e+00
2.600000000000000000e+01
7.000000000000000000e+00
7.000000000000000000e+00
7.000000000000000000e+00
0.000000000000000000e+00
5.000000000000000000e+00
3.000000000000000000e+00
7.000000000000000000e+00
3.000000000000000000e+00
3.000000000000000000e+00
3.000000000000000000e+00
7.000000000000000000e+00
6.708203932499369415e+00
7.211102550927978250e+00
6.000000000000000000e+00
6.000000000000000000e+00
7.000000000000000000e+00
7.000000000000000000e+00
3.000000000000000000e+00
6.000000000000000000e+00
3.000000000000000000e+00
3.000000000000000000e+00
7.000000000000000000e+00
0.000000000000000000e+00
3.000000000000000000e+00
3.000000000000000000e+00
9.000000000000000000e+00
6.000000000000000000e+00
0.000000000000000000e+00
6.000000000000000000e+00
0.000000000000000000e+00
3.000000000000000000e+00
2.828427124746190202e+01
1.000000000000000000e+01
3.000000000000000000e+00
6.000000000000000000e+00
3.000000000000000000e+00
7.000000000000000000e+00
1.077032961426900748e+01
7.000000000000000000e+00
3.000000000000000000e+00
1.000000000000000000e+01
6.000000000000000000e+00
6.000000000000000000e+00
7.000000000000000000e+00
7.000000000000000000e+00
1.000000000000000000e+01
3.000000000000000000e+00
1.000000000000000000e+01
6.000000000000000000e+00
3.000000000000000000e+00
3.000000000000000000e+00
1.044030650891055068e+01
8.062257748298549132e+00
4.000000000000000000e+00
4.000000000000000000e+00
7.000000000000000000e+00
8.062257748298549132e+00
4.000000000000000000e+00
2.600000000000000000e+01
7.000000000000000000e+00
4.000000000000000000e+00
3.000000000000000000e+00
6.000000000000000000e+00
3.000000000000000000e+00
7.000000000000000000e+00
2.900000000000000000e+01
7.000000000000000000e+00
4.000000000000000000e+00
3.000000000000000000e+00
6.000000000000000000e+00
6.000000000000000000e+00
6.000000000000000000e+00
7.000000000000000000e+00
4.000000000000000000e+00
9.486832980505138124e+00
1.044030650891055068e+01
3.000000000000000000e+00
4.000000000000000000e+00
7.000000000000000000e+00
0.000000000000000000e+00
7.000000000000000000e+00
3.000000000000000000e+00
6.000000000000000000e+00
7.000000000000000000e+00
3.100000000000000000e+01
3.000000000000000000e+00
7.000000000000000000e+00
3.000000000000000000e+00
6.000000000000000000e+00
3.000000000000000000e+00
3.000000000000000000e+00
9.486832980505138124e+00
7.000000000000000000e+00
6.000000000000000000e+00
0.000000000000000000e+00
9.000000000000000000e+00
7.000000000000000000e+00
7.000000000000000000e+00
3.000000000000000000e+00
3.000000000000000000e+00
0.000000000000000000e+00
3.000000000000000000e+00
6.000000000000000000e+00
3.000000000000000000e+00
7.000000000000000000e+00
1.044030650891055068e+01
7.000000000000000000e+00
4.242640687119284770e+00
0.000000000000000000e+00
7.000000000000000000e+00
3.000000000000000000e+00
6.000000000000000000e+00
3.000000000000000000e+00
2.600000000000000000e+01
3.000000000000000000e+00
4.700000000000000000e+01
7.000000000000000000e+00
6.000000000000000000e+00
3.000000000000000000e+00
7.000000000000000000e+00
3.400000000000000000e+01
7.000000000000000000e+00
7.000000000000000000e+00
4.000000000000000000e+00
0.000000000000000000e+00
3.000000000000000000e+00
7.000000000000000000e+00
3.000000000000000000e+00
6.000000000000000000e+00
2.600000000000000000e+01
4.000000000000000000e+00
7.211102550927978250e+00
3.000000000000000000e+00
7.000000000000000000e+00
6.000000000000000000e+00
3.000000000000000000e+00
8.062257748298549132e+00
4.000000000000000000e+00
6.708203932499369415e+00
7.000000000000000000e+00
1.100000000000000000e+01
0.000000000000000000e+00
7.000000000000000000e+00
2.500000000000000000e+01
3.000000000000000000e+00
7.000000000000000000e+00
9.000000000000000000e+00
0.000000000000000000e+00
1.000000000000000000e+01
3.000000000000000000e+00
7.000000000000000000e+00
3.000000000000000000e+00
7.000000000000000000e+00
7.000000000000000000e+00
5.000000000000000000e+00
4.000000000000000000e+00
1.100000000000000000e+01
6.000000000000000000e+00
0.000000000000000000e+00
0.000000000000000000e+00
7.000000000000000000e+00
7.615773105863908654e+00
3.000000000000000000e+00
0.000000000000000000e+00
7.000000000000000000e+00
6.000000000000000000e+00
1.140175425099137918e+01
4.000000000000000000e+00
7.000000000000000000e+00
9.000000000000000000e+00
1.000000000000000000e+01
9.000000000000000000e+00
3.000000000000000000e+00
3.000000000000000000e+00
4.000000000000000000e+00
6.000000000000000000e+00
3.000000000000000000e+00
4.000000000000000000e+00
6.000000000000000000e+00
3.000000000000000000e+00
6.708203932499369415e+00
9.000000000000000000e+00
0.000000000000000000e+00
0.000000000000000000e+00
6.000000000000000000e+00
3.000000000000000000e+00
7.000000000000000000e+00
6.000000000000000000e+00
3.000000000000000000e+00
7.000000000000000000e+00
5.000000000000000000e+00
7.000000000000000000e+00
4.000000000000000000e+00
7.000000000000000000e+00
7.000000000000000000e+00
0.000000000000000000e+00
4.000000000000000000e+00
3.000000000000000000e+00
7.000000000000000000e+00
0.000000000000000000e+00
9.000000000000000000e+00
6.000000000000000000e+00
3.000000000000000000e+00
7.000000000000000000e+00
7.000000000000000000e+00
3.000000000000000000e+00
1.000000000000000000e+01
8.062257748298549132e+00
7.000000000000000000e+00
1.000000000000000000e+01
7.000000000000000000e+00
3.000000000000000000e+00
5.000000000000000000e+00
6.000000000000000000e+00
3.000000000000000000e+00
0.000000000000000000e+00
3.000000000000000000e+00
4.900000000000000000e+01
1.000000000000000000e+01
7.000000000000000000e+00
2.300000000000000000e+01
3.000000000000000000e+00
7.000000000000000000e+00
7.000000000000000000e+00
8.062257748298549132e+00
7.000000000000000000e+00
7.000000000000000000e+00
3.800000000000000000e+01
6.000000000000000000e+00
7.615773105863908654e+00
3.000000000000000000e+00
6.000000000000000000e+00
6.000000000000000000e+00
7.000000000000000000e+00
1.000000000000000000e+01
1.044030650891055068e+01
7.000000000000000000e+00
6.000000000000000000e+00
3.000000000000000000e+00
6.000000000000000000e+00
7.000000000000000000e+00
4.000000000000000000e+00
6.000000000000000000e+00
3.000000000000000000e+00
6.000000000000000000e+00
4.000000000000000000e+00
9.000000000000000000e+00
7.000000000000000000e+00
4.000000000000000000e+00
6.000000000000000000e+00
5.000000000000000000e+00
3.000000000000000000e+00
6.708203932499369415e+00
4.000000000000000000e+00
3.000000000000000000e+00
4.000000000000000000e+00
9.000000000000000000e+00
7.000000000000000000e+00
7.000000000000000000e+00
6.000000000000000000e+00
7.000000000000000000e+00
7.000000000000000000e+00
3.000000000000000000e+00
6.000000000000000000e+00
3.000000000000000000e+00
0.000000000000000000e+00
0.000000000000000000e+00
7.000000000000000000e+00
6.000000000000000000e+00
6.000000000000000000e+00
6.708203932499369415e+00
6.000000000000000000e+00
0.000000000000000000e+00
2.828427124746190202e+01
3.000000000000000000e+00
7.000000000000000000e+00
7.000000000000000000e+00
7.000000000000000000e+00
3.000000000000000000e+00
6.000000000000000000e+00
3.000000000000000000e+00
6.000000000000000000e+00
7.000000000000000000e+00
1.923538406167134340e+01
6.000000000000000000e+00
7.000000000000000000e+00
6.708203932499369415e+00
6.000000000000000000e+00
3.000000000000000000e+00
6.708203932499369415e+00
3.000000000000000000e+00
6.708203932499369415e+00
7.000000000000000000e+00
0.000000000000000000e+00
4.800000000000000000e+01
7.000000000000000000e+00
4.000000000000000000e+00
8.062257748298549132e+00
6.000000000000000000e+00
4.700000000000000000e+01
3.000000000000000000e+00
1.000000000000000000e+01
3.000000000000000000e+00
4.000000000000000000e+00
3.000000000000000000e+00
4.000000000000000000e+00
0.000000000000000000e+00
3.000000000000000000e+00
6.000000000000000000e+00
7.615773105863908654e+00
6.000000000000000000e+00
4.000000000000000000e+00
7.000000000000000000e+00
3.000000000000000000e+00
5.000000000000000000e+00
3.000000000000000000e+00
0.000000000000000000e+00
0.000000000000000000e+00
1.000000000000000000e+01
6.000000000000000000e+00
3.000000000000000000e+00
4.000000000000000000e+00
3.000000000000000000e+00
9.000000000000000000e+00
4.242640687119284770e+00
7.000000000000000000e+00
6.000000000000000000e+00
4.242640687119284770e+00
6.000000000000000000e+00
0.000000000000000000e+00
2.600000000000000000e+01
7.000000000000000000e+00
7.000000000000000000e+00
7.000000000000000000e+00
5.000000000000000000e+00
3.000000000000000000e+00
7.000000000000000000e+00
3.000000000000000000e+00
3.000000000000000000e+00
6.708203932499369415e+00
6.000000000000000000e+00
6.000000000000000000e+00
7.000000000000000000e+00
7.000000000000000000e+00
3.000000000000000000e+00
6.000000000000000000e+00
3.000000000000000000e+00
3.000000000000000000e+00
7.000000000000000000e+00
0.000000000000000000e+00
3.000000000000000000e+00
9.000000000000000000e+00
6.000000000000000000e+00
0.000000000000000000e+00
6.000000000000000000e+00
0.000000000000000000e+00
2.828427124746190202e+01
1.000000000000000000e+01
3.000000000000000000e+00
6.000000000000000000e+00
3.000000000000000000e+00
7.000000000000000000e+00
1.077032961426900748e+01
7.000000000000000000e+00
1.000000000000000000e+01
6.000000000000000000e+00
6.000000000000000000e+00
7.000000000000000000e+00
7.000000000000000000e+00
1.000000000000000000e+01
3.000000000000000000e+00
1.000000000000000000e+01
6.000000000000000000e+00
3.000000000000000000e+00
3.000000000000000000e+00
1.044030650891055068e+01
8.062257748298549132e+00
4.000000000000000000e+00
4.000000000000000000e+00
7.000000000000000000e+00
8.062257748298549132e+00
4.000000000000000000e+00
2.600000000000000000e+01
7.000000000000000000e+00
6.000000000000000000e+00
3.000000000000000000e+00
2.900000000000000000e+01
7.000000000000000000e+00
4.000000000000000000e+00
3.000000000000000000e+00
6.000000000000000000e+00
6.000000000000000000e+00
6.000000000000000000e+00
7.000000000000000000e+00
4.000000000000000000e+00
9.486832980505138124e+00
1.044030650891055068e+01
4.000000000000000000e+00
7.000000000000000000e+00
0.000000000000000000e+00
7.000000000000000000e+00
3.000000000000000000e+00
6.000000000000000000e+00
7.000000000000000000e+00
3.100000000000000000e+01
3.000000000000000000e+00
3.000000000000000000e+00
6.000000000000000000e+00
3.000000000000000000e+00
9.486832980505138124e+00
7.000000000000000000e+00
6.000000000000000000e+00
0.000000000000000000e+00
9.000000000000000000e+00
7.000000000000000000e+00
7.000000000000000000e+00
3.000000000000000000e+00
3.000000000000000000e+00
3.000000000000000000e+00
6.000000000000000000e+00
3.000000000000000000e+00
1.044030650891055068e+01
7.000000000000000000e+00
0.000000000000000000e+00
7.000000000000000000e+00
6.000000000000000000e+00
3.000000000000000000e+00
2.600000000000000000e+01
3.000000000000000000e+00
4.700000000000000000e+01
7.000000000000000000e+00
6.000000000000000000e+00
3.000000000000000000e+00
7.000000000000000000e+00
3.400000000000000000e+01
7.000000000000000000e+00
4.000000000000000000e+00
0.000000000000000000e+00
3.000000000000000000e+00
7.000000000000000000e+00
3.000000000000000000e+00
6.000000000000000000e+00
2.600000000000000000e+01
7.211102550927978250e+00
3.000000000000000000e+00
7.000000000000000000e+00
6.000000000000000000e+00
8.062257748298549132e+00
4.000000000000000000e+00
6.708203932499369415e+00
7.000000000000000000e+00
1.100000000000000000e+01
7.000000000000000000e+00
2.500000000000000000e+01
3.000000000000000000e+00
7.000000000000000000e+00
9.000000000000000000e+00
1.000000000000000000e+01
3.000000000000000000e+00
7.000000000000000000e+00
3.000000000000000000e+00
7.000000000000000000e+00
7.000000000000000000e+00
5.000000000000000000e+00
4.000000000000000000e+00
6.000000000000000000e+00
0.000000000000000000e+00
0.000000000000000000e+00
7.000000000000000000e+00
7.615773105863908654e+00
3.000000000000000000e+00
0.000000000000000000e+00
7.000000000000000000e+00
6.000000000000000000e+00
1.140175425099137918e+01
7.000000000000000000e+00
9.000000000000000000e+00
1.000000000000000000e+01
9.000000000000000000e+00
3.000000000000000000e+00
3.000000000000000000e+00
4.000000000000000000e+00
6.000000000000000000e+00
6.000000000000000000e+00
6.708203932499369415e+00
9.000000000000000000e+00
6.000000000000000000e+00
3.000000000000000000e+00
7.000000000000000000e+00
6.000000000000000000e+00
3.000000000000000000e+00
7.000000000000000000e+00
2.716615541441224835e+01
5.000000000000000000e+00
7.000000000000000000e+00
4.000000000000000000e+00
7.000000000000000000e+00
0.000000000000000000e+00
4.000000000000000000e+00
7.000000000000000000e+00
0.000000000000000000e+00
9.000000000000000000e+00
6.000000000000000000e+00
3.000000000000000000e+00
7.000000000000000000e+00
7.000000000000000000e+00
1.000000000000000000e+01
8.062257748298549132e+00
7.000000000000000000e+00
1.000000000000000000e+01
7.000000000000000000e+00
3.000000000000000000e+00
6.000000000000000000e+00
3.000000000000000000e+00
0.000000000000000000e+00
3.000000000000000000e+00
4.900000000000000000e+01
1.000000000000000000e+01
7.000000000000000000e+00
2.300000000000000000e+01
3.000000000000000000e+00
7.000000000000000000e+00
8.062257748298549132e+00
7.000000000000000000e+00
7.000000000000000000e+00
3.800000000000000000e+01
6.000000000000000000e+00
7.615773105863908654e+00
3.000000000000000000e+00
6.000000000000000000e+00
6.000000000000000000e+00
7.000000000000000000e+00
1.044030650891055068e+01
7.000000000000000000e+00
6.000000000000000000e+00
3.000000000000000000e+00
6.000000000000000000e+00
7.000000000000000000e+00
4.000000000000000000e+00
6.000000000000000000e+00
3.000000000000000000e+00
6.000000000000000000e+00
4.000000000000000000e+00
9.000000000000000000e+00
7.000000000000000000e+00
4.000000000000000000e+00
6.000000000000000000e+00
5.000000000000000000e+00
3.000000000000000000e+00
6.708203932499369415e+00
4.000000000000000000e+00
3.000000000000000000e+00
4.000000000000000000e+00
9.000000000000000000e+00
7.000000000000000000e+00
7.000000000000000000e+00
6.000000000000000000e+00
7.000000000000000000e+00
7.000000000000000000e+00
3.000000000000000000e+00
6.000000000000000000e+00
3.000000000000000000e+00
0.000000000000000000e+00
0.000000000000000000e+00
7.000000000000000000e+00
6.000000000000000000e+00
6.000000000000000000e+00
6.708203932499369415e+00
6.000000000000000000e+00
0.000000000000000000e+00
2.828427124746190202e+01
3.000000000000000000e+00
7.000000000000000000e+00
3.000000000000000000e+00
6.000000000000000000e+00
3.000000000000000000e+00
6.000000000000000000e+00
7.000000000000000000e+00
1.923538406167134340e+01
6.000000000000000000e+00
7.000000000000000000e+00
6.708203932499369415e+00
6.000000000000000000e+00
3.000000000000000000e+00
6.708203932499369415e+00
3.000000000000000000e+00
6.708203932499369415e+00
7.000000000000000000e+00
0.000000000000000000e+00
4.800000000000000000e+01
7.000000000000000000e+00
4.000000000000000000e+00
6.000000000000000000e+00
4.700000000000000000e+01
3.000000000000000000e+00
1.000000000000000000e+01
3.000000000000000000e+00
3.000000000000000000e+00
0.000000000000000000e+00
3.000000000000000000e+00
1.900000000000000000e+01
3.000000000000000000e+00
5.600000000000000000e+01
0.000000000000000000e+00
3.000000000000000000e+00
2.418677324489564739e+01
5.200000000000000000e+01
1.972308292331602075e+01
3.900000000000000000e+01
0.000000000000000000e+00
5.900000000000000000e+01
5.300000000000000000e+01
2.600000000000000000e+01
3.492849839314595783e+01
3.400000000000000000e+01
1.900000000000000000e+01
3.800000000000000000e+01
4.000000000000000000e+01
2.600000000000000000e+01
2.900000000000000000e+01
4.242640687119284770e+00
3.001666203960726875e+01
3.000000000000000000e+00
5.000000000000000000e+00
3.400000000000000000e+01
2.996664812754339380e+01
2.800000000000000000e+01
4.000000000000000000e+00
4.500000000000000000e+01
4.000000000000000000e+01
3.000000000000000000e+00
5.100000000000000000e+01
4.000000000000000000e+00
5.600000000000000000e+01
1.600000000000000000e+01
3.100000000000000000e+01
3.700000000000000000e+01
0.000000000000000000e+00
4.500000000000000000e+01
3.700000000000000000e+01
3.000000000000000000e+00
2.147091055358388800e+01
5.300000000000000000e+01
5.500000000000000000e+01
2.785677655436823841e+01
4.300000000000000000e+01
1.600000000000000000e+01
4.100000000000000000e+01
3.200000000000000000e+01
2.600000000000000000e+01
3.800000000000000000e+01
2.816025568065744622e+01
4.600000000000000000e+01
4.100000000000000000e+01
3.800000000000000000e+01
3.700000000000000000e+01
1.600000000000000000e+01
3.401470270338990076e+01
4.000000000000000000e+00
0.000000000000000000e+00
3.712142238654116966e+01
2.973213749463701205e+01
6.000000000000000000e+01
4.800000000000000000e+01
4.700000000000000000e+01
3.000000000000000000e+00
0.000000000000000000e+00
3.700000000000000000e+01
4.709564735726646489e+01
3.200000000000000000e+01
5.700000000000000000e+01
2.236067977499789805e+01
5.100000000000000000e+01
5.000000000000000000e+01
4.210700654285459876e+01
0.000000000000000000e+00
5.300000000000000000e+01
4.000000000000000000e+00
5.100000000000000000e+01
3.000000000000000000e+00
3.000000000000000000e+00
5.500000000000000000e+01
5.308483775994798748e+01
0.000000000000000000e+00
2.817800560721074277e+01
5.600000000000000000e+01
4.242640687119284770e+00
1.900000000000000000e+01
3.400000000000000000e+01
2.039607805437113797e+01
5.100000000000000000e+01
0.000000000000000000e+00
1.886796226411320632e+01
4.700000000000000000e+01
1.900000000000000000e+01
4.242640687119284770e+00
3.000000000000000000e+00
3.612478373637688378e+01
4.600000000000000000e+01
2.236067977499789805e+01
1.389244398944980396e+01
3.000000000000000000e+00
4.000000000000000000e+01
5.100000000000000000e+01
1.900000000000000000e+01
5.900000000000000000e+01
0.000000000000000000e+00
4.900000000000000000e+01
4.500000000000000000e+01
5.100000000000000000e+01
4.000000000000000000e+00
5.400000000000000000e+01
3.640054944640259293e+01
3.000000000000000000e+00
1.600000000000000000e+01
4.000000000000000000e+00
4.500000000000000000e+01
5.100000000000000000e+01
3.000000000000000000e+00
0.000000000000000000e+00
4.000000000000000000e+01
5.500000000000000000e+01
2.900000000000000000e+01
2.800000000000000000e+01
4.600000000000000000e+01
5.208646657242167066e+01
0.000000000000000000e+00
5.500000000000000000e+01
5.000000000000000000e+01
1.838477631085023489e+01
2.024845673131658685e+01
0.000000000000000000e+00
5.600000000000000000e+01
3.000000000000000000e+00
6.000000000000000000e+00
4.700000000000000000e+01
3.400000000000000000e+01
5.208646657242167066e+01
4.100000000000000000e+01
3.500000000000000000e+01
3.423448553724738019e+01
2.800000000000000000e+01
0.000000000000000000e+00
1.600000000000000000e+01
5.500000000000000000e+01
5.308483775994798748e+01
0.000000000000000000e+00
3.000000000000000000e+00
5.800000000000000000e+01
1.600000000000000000e+01
3.100000000000000000e+01
3.900000000000000000e+01
3.383784863137726262e+01
3.700000000000000000e+01
3.000000000000000000e+01
4.900000000000000000e+01
3.000000000000000000e+00
5.907622195096772089e+01
4.600000000000000000e+01
5.707889277132134254e+01
4.400000000000000000e+01
4.100000000000000000e+01
2.300000000000000000e+01
2.088061301782110135e+01
1.972308292331602075e+01
3.800000000000000000e+01
5.200000000000000000e+01
5.900000000000000000e+01
1.500000000000000000e+01
4.242640687119284770e+00
4.000000000000000000e+00
0.000000000000000000e+00
0.000000000000000000e+00
4.000000000000000000e+00
6.082762530298219339e+00
4.000000000000000000e+00
4.000000000000000000e+00
9.000000000000000000e+00
0.000000000000000000e+00
4.000000000000000000e+00
0.000000000000000000e+00
0.000000000000000000e+00
1.345362404707370985e+01
0.000000000000000000e+00
1.414213562373095145e+00
0.000000000000000000e+00
0.000000000000000000e+00
0.000000000000000000e+00
6.403124237432848531e+00
0.000000000000000000e+00
4.000000000000000000e+00
0.000000000000000000e+00
5.000000000000000000e+00
0.000000000000000000e+00
0.000000000000000000e+00
0.000000000000000000e+00
0.000000000000000000e+00
4.000000000000000000e+00
5.000000000000000000e+00
0.000000000000000000e+00
6.403124237432848531e+00
0.000000000000000000e+00
4.000000000000000000e+00
0.000000000000000000e+00
1.400000000000000000e+01
6.403124237432848531e+00
0.000000000000000000e+00
1.843908891458577415e+01
1.000000000000000000e+00
4.000000000000000000e+00
0.000000000000000000e+00
4.000000000000000000e+00
5.000000000000000000e+00
0.000000000000000000e+00
2.751363298439520833e+01
0.000000000000000000e+00
4.000000000000000000e+00
5.000000000000000000e+00
0.000000000000000000e+00
0.000000000000000000e+00
0.000000000000000000e+00
0.000000000000000000e+00
7.071067811865475505e+00
9.000000000000000000e+00
5.000000000000000000e+00
4.000000000000000000e+00
4.000000000000000000e+00
4.000000000000000000e+00
4.000000000000000000e+00
0.000000000000000000e+00
0.000000000000000000e+00
0.000000000000000000e+00
0.000000000000000000e+00
4.000000000000000000e+00
0.000000000000000000e+00
3.000000000000000000e+00
0.000000000000000000e+00
5.000000000000000000e+00
0.000000000000000000e+00
0.000000000000000000e+00
0.000000000000000000e+00
0.000000000000000000e+00
0.000000000000000000e+00
0.000000000000000000e+00
5.000000000000000000e+00
9.848857801796103928e+00
4.000000000000000000e+00
0.000000000000000000e+00
4.000000000000000000e+00
0.000000000000000000e+00
4.000000000000000000e+00
4.000000000000000000e+00
5.000000000000000000e+00
4.000000000000000000e+00
4.000000000000000000e+00
0.000000000000000000e+00
0.000000000000000000e+00
4.000000000000000000e+00
4.000000000000000000e+00
0.000000000000000000e+00
4.000000000000000000e+00
4.000000000000000000e+00
5.000000000000000000e+00
0.000000000000000000e+00
4.000000000000000000e+00
5.000000000000000000e+00
6.403124237432848531e+00
4.000000000000000000e+00
3.000000000000000000e+00
4.000000000000000000e+00
4.000000000000000000e+00
4.000000000000000000e+00
0.000000000000000000e+00
0.000000000000000000e+00
5.000000000000000000e+00
0.000000000000000000e+00
0.000000000000000000e+00
0.000000000000000000e+00
5.000000000000000000e+00
5.656854249492380582e+00
8.000000000000000000e+00
7.071067811865475505e+00
2.207713749560843723e+02
0.000000000000000000e+00
5.000000000000000000e+00
4.000000000000000000e+00
0.000000000000000000e+00
0.000000000000000000e+00
1.300000000000000000e+01
0.000000000000000000e+00
6.403124237432848531e+00
0.000000000000000000e+00
5.656854249492380582e+00
1.272792206135785520e+01
0.000000000000000000e+00
5.000000000000000000e+00
0.000000000000000000e+00
0.000000000000000000e+00
0.000000000000000000e+00
4.000000000000000000e+00
5.000000000000000000e+00
0.000000000000000000e+00
4.000000000000000000e+00
0.000000000000000000e+00
0.000000000000000000e+00
4.000000000000000000e+00
0.000000000000000000e+00
5.000000000000000000e+00
0.000000000000000000e+00
4.000000000000000000e+00
2.927456233660889495e+01
0.000000000000000000e+00
5.000000000000000000e+00
1.400000000000000000e+01
1.000000000000000000e+01
0.000000000000000000e+00
0.000000000000000000e+00
9.000000000000000000e+00
0.000000000000000000e+00
4.000000000000000000e+00
0.000000000000000000e+00
0.000000000000000000e+00
4.000000000000000000e+00
4.000000000000000000e+00
0.000000000000000000e+00
0.000000000000000000e+00
6.403124237432848531e+00
0.000000000000000000e+00
0.000000000000000000e+00
3.000000000000000000e+00
4.000000000000000000e+00
1.300000000000000000e+01
1.029563014098700080e+01
5.656854249492380582e+00
0.000000000000000000e+00
0.000000000000000000e+00
4.000000000000000000e+00
4.000000000000000000e+00
4.414748010928823163e+01
0.000000000000000000e+00
0.000000000000000000e+00
0.000000000000000000e+00
0.000000000000000000e+00
4.000000000000000000e+00
4.000000000000000000e+00
0.000000000000000000e+00
1.000000000000000000e+01
5.000000000000000000e+00
4.000000000000000000e+00
4.000000000000000000e+00
0.000000000000000000e+00
0.000000000000000000e+00
0.000000000000000000e+00
0.000000000000000000e+00
0.000000000000000000e+00
3.000000000000000000e+00
0.000000000000000000e+00
0.000000000000000000e+00
0.000000000000000000e+00
4.000000000000000000e+00
0.000000000000000000e+00
1.843908891458577415e+01
9.000000000000000000e+00
9.848857801796103928e+00
0.000000000000000000e+00
0.000000000000000000e+00
0.000000000000000000e+00
4.000000000000000000e+00
0.000000000000000000e+00
6.403124237432848531e+00
7.071067811865475505e+00
4.000000000000000000e+00
0.000000000000000000e+00
0.000000000000000000e+00
7.071067811865475505e+00
0.000000000000000000e+00
0.000000000000000000e+00
4.000000000000000000e+00
1.272792206135785520e+01
6.403124237432848531e+00
4.000000000000000000e+00
5.000000000000000000e+00
0.000000000000000000e+00
4.000000000000000000e+00
0.000000000000000000e+00
0.000000000000000000e+00
4.000000000000000000e+00
0.000000000000000000e+00
0.000000000000000000e+00
5.000000000000000000e+00
0.000000000000000000e+00
0.000000000000000000e+00
0.000000000000000000e+00
